# step, loss_train, loss_test, metrics_test
0.000000000000000000e+00 8.534785347992453891e-03 1.613706316607708968e-02 3.372095783929496271e-04 4.080400000000000264e-12 2.937639999999999587e-11 4.536937973331094803e-02 2.436636108524903754e+00 8.534785347992453891e-03 1.613706316607708968e-02 3.372095783929496271e-04 4.080400000000000264e-12 2.937639999999999587e-11 4.536937973331094803e-02 2.436636108524903754e+00
3.500000000000000000e+02 1.555738874679363313e-03 3.683939287524262869e-03 3.437890216168155402e-04 2.955263413198426203e-07 1.067432857810137939e-04 2.520634653654367941e-03 1.079895636360608639e-02 1.555738874679363313e-03 3.683939287524262869e-03 3.437890216168155402e-04 2.955263413198426203e-07 1.067432857810137939e-04 2.520634653654367941e-03 1.079895636360608639e-02
7.000000000000000000e+02 1.038579893559784303e-03 4.325186593385999152e-03 2.609408335036509513e-04 1.171762234717120072e-06 1.888960993051673357e-04 1.103402101259854306e-03 8.556081311910214773e-03 1.038579893559784303e-03 4.325186593385999152e-03 2.609408335036509513e-04 1.171762234717120072e-06 1.888960993051673357e-04 1.103402101259854306e-03 8.556081311910214773e-03
1.050000000000000000e+03 9.931355953260538865e-04 4.281050612250875652e-03 4.937711939476801268e-04 1.782552908164028510e-06 1.830022123524636100e-04 8.785023635972255421e-04 7.476777719309374640e-03 9.931355953260538865e-04 4.281050612250875652e-03 4.937711939476801268e-04 1.782552908164028510e-06 1.830022123524636100e-04 8.785023635972255421e-04 7.476777719309374640e-03
1.400000000000000000e+03 8.571074759191014015e-04 4.051641309424838105e-03 1.007029804509200575e-03 4.351564711275533439e-06 1.779647311208684560e-04 7.424264639589278321e-04 6.097702008691068681e-03 8.571074759191014015e-04 4.051641309424838105e-03 1.007029804509200575e-03 4.351564711275533439e-06 1.779647311208684560e-04 7.424264639589278321e-04 6.097702008691068681e-03
1.750000000000000000e+03 7.125506360738889265e-04 3.400882284693485837e-03 1.575710590763096343e-03 5.101455362802723018e-07 1.402892728641136398e-04 6.107110332909639538e-04 5.281690263137599727e-03 7.125506360738889265e-04 3.400882284693485837e-03 1.575710590763096343e-03 5.101455362802723018e-07 1.402892728641136398e-04 6.107110332909639538e-04 5.281690263137599727e-03
2.100000000000000000e+03 6.778427615849919085e-04 3.034479035460335272e-03 1.804985970034732280e-03 8.434732437188973828e-07 1.243974397716481018e-04 5.431159745545602541e-04 4.698207796065326756e-03 6.778427615849919085e-04 3.034479035460335272e-03 1.804985970034732280e-03 8.434732437188973828e-07 1.243974397716481018e-04 5.431159745545602541e-04 4.698207796065326756e-03
2.450000000000000000e+03 6.319754362706831059e-04 2.726459180633462268e-03 1.978141102662239054e-03 7.579954891494637605e-07 1.088595493009109186e-04 4.911086806391328115e-04 4.235893865276420082e-03 6.319754362706831059e-04 2.726459180633462268e-03 1.978141102662239054e-03 7.579954891494637605e-07 1.088595493009109186e-04 4.911086806391328115e-04 4.235893865276420082e-03
2.800000000000000000e+03 5.646001883844954574e-04 2.461979228945230819e-03 2.040605870113135212e-03 6.760470362827485083e-07 9.994429317718865255e-05 4.423535661411989012e-04 3.755646319886565224e-03 5.646001883844954574e-04 2.461979228945230819e-03 2.040605870113135212e-03 6.760470362827485083e-07 9.994429317718865255e-05 4.423535661411989012e-04 3.755646319886565224e-03
3.150000000000000000e+03 5.719917705048271428e-04 2.169176526018565167e-03 2.153759526042606925e-03 3.496953750825415271e-06 7.533636026724069377e-05 4.374249313365939510e-04 3.401362871185267377e-03 5.719917705048271428e-04 2.169176526018565167e-03 2.153759526042606925e-03 3.496953750825415271e-06 7.533636026724069377e-05 4.374249313365939510e-04 3.401362871185267377e-03
3.500000000000000000e+03 4.976082053768482016e-04 2.002393976604976023e-03 2.174163472827555111e-03 6.022741109170838813e-07 7.752497352211509319e-05 3.902729774023602121e-04 3.079278314282986751e-03 4.976082053768482016e-04 2.002393976604976023e-03 2.174163472827555111e-03 6.022741109170838813e-07 7.752497352211509319e-05 3.902729774023602121e-04 3.079278314282986751e-03
3.850000000000000000e+03 4.771305765974687531e-04 1.821658935382782386e-03 2.190023276961505522e-03 5.496447934854106133e-07 6.852557719904174853e-05 3.695195434991190931e-04 2.781000978381182979e-03 4.771305765974687531e-04 1.821658935382782386e-03 2.190023276961505522e-03 5.496447934854106133e-07 6.852557719904174853e-05 3.695195434991190931e-04 2.781000978381182979e-03
4.200000000000000000e+03 4.471526484000514011e-04 1.677403850225620214e-03 2.183706886137348931e-03 5.153502298434427477e-07 6.227026842935439908e-05 3.532030136469688220e-04 2.526479036956644220e-03 4.471526484000514011e-04 1.677403850225620214e-03 2.183706886137348931e-03 5.153502298434427477e-07 6.227026842935439908e-05 3.532030136469688220e-04 2.526479036956644220e-03
4.550000000000000000e+03 4.285236392778400184e-04 1.529492150034959200e-03 2.195316503911499441e-03 1.166050866384213173e-07 4.832160971464608142e-05 3.489601640358194800e-04 2.328796871052547963e-03 4.285236392778400184e-04 1.529492150034959200e-03 2.195316503911499441e-03 1.166050866384213173e-07 4.832160971464608142e-05 3.489601640358194800e-04 2.328796871052547963e-03
4.900000000000000000e+03 4.098969411741911341e-04 1.449982013812109926e-03 2.145283091147870067e-03 4.495989617390657790e-07 5.176033618798220993e-05 3.265943125628958509e-04 2.115629446058733733e-03 4.098969411741911341e-04 1.449982013812109926e-03 2.145283091147870067e-03 4.495989617390657790e-07 5.176033618798220993e-05 3.265943125628958509e-04 2.115629446058733733e-03
5.250000000000000000e+03 4.098035702291486556e-04 1.169011618687342425e-03 2.849790543781000746e-03 4.426184866847059227e-06 1.877803319749069092e-05 3.898961819290711821e-04 1.976122093764506437e-03 4.098035702291486556e-04 1.169011618687342425e-03 2.849790543781000746e-03 4.426184866847059227e-06 1.877803319749069092e-05 3.898961819290711821e-04 1.976122093764506437e-03
5.600000000000000000e+03 3.814593117266116542e-04 1.270212547555917655e-03 2.081812444611360908e-03 4.022266107645191869e-07 4.375704236246003102e-05 3.112477012444830101e-04 1.805367137425494591e-03 3.814593117266116542e-04 1.270212547555917655e-03 2.081812444611360908e-03 4.022266107645191869e-07 4.375704236246003102e-05 3.112477012444830101e-04 1.805367137425494591e-03
5.950000000000000000e+03 4.225632827532363380e-04 1.834890789861727935e-03 1.584153892016142194e-03 2.165838315327704860e-05 3.369659622744639250e-05 3.685133562908473031e-04 1.785928088064393012e-03 4.225632827532363380e-04 1.834890789861727935e-03 1.584153892016142194e-03 2.165838315327704860e-05 3.369659622744639250e-05 3.685133562908473031e-04 1.785928088064393012e-03
6.300000000000000000e+03 3.614896376790606458e-04 1.129516142613778105e-03 2.000419394457014603e-03 3.668573287138295909e-07 3.756170699447898743e-05 2.941808437343496454e-04 1.577185095187646222e-03 3.614896376790606458e-04 1.129516142613778105e-03 2.000419394457014603e-03 3.668573287138295909e-07 3.756170699447898743e-05 2.941808437343496454e-04 1.577185095187646222e-03
6.650000000000000000e+03 3.559721745208828522e-04 1.075891172225970508e-03 1.958162693637353121e-03 3.990362965228373490e-07 3.595778516225980875e-05 2.869431831255958576e-04 1.488755529717893274e-03 3.559721745208828522e-04 1.075891172225970508e-03 1.958162693637353121e-03 3.990362965228373490e-07 3.595778516225980875e-05 2.869431831255958576e-04 1.488755529717893274e-03
7.000000000000000000e+03 3.606690709161887052e-04 9.146003952332220233e-04 2.084385183283337523e-03 1.217751200497734368e-06 1.976091137570922858e-05 2.880058721137195433e-04 1.400955005190642789e-03 3.606690709161887052e-04 9.146003952332220233e-04 2.084385183283337523e-03 1.217751200497734368e-06 1.976091137570922858e-05 2.880058721137195433e-04 1.400955005190642789e-03
7.350000000000000000e+03 3.287317622513127088e-04 7.590924345229477579e-03 1.118033684986345254e-03 1.736724632328407445e-05 3.198314947915029301e-04 5.328080705124491360e-04 1.543629984998257142e-03 3.287317622513127088e-04 7.590924345229477579e-03 1.118033684986345254e-03 1.736724632328407445e-05 3.198314947915029301e-04 5.328080705124491360e-04 1.543629984998257142e-03
7.700000000000000000e+03 3.347937904668878595e-04 9.202762184954536460e-04 1.854419320716079508e-03 4.128875307273499184e-07 2.802239984780025255e-05 2.746296589588412989e-04 1.258678986120746529e-03 3.347937904668878595e-04 9.202762184954536460e-04 1.854419320716079508e-03 4.128875307273499184e-07 2.802239984780025255e-05 2.746296589588412989e-04 1.258678986120746529e-03
8.050000000000000000e+03 3.291129373433517025e-04 9.013095719567999417e-04 1.799548727234490282e-03 2.936107753970734803e-07 2.711701470766025184e-05 2.710594331783784021e-04 1.197560957452944910e-03 3.291129373433517025e-04 9.013095719567999417e-04 1.799548727234490282e-03 2.936107753970734803e-07 2.711701470766025184e-05 2.710594331783784021e-04 1.197560957452944910e-03
8.400000000000000000e+03 3.237770088392212661e-04 8.620324484574159399e-04 1.767367680138536359e-03 3.344316307229462677e-07 2.612583572268263444e-05 2.677232657080941833e-04 1.142724034768173276e-03 3.237770088392212661e-04 8.620324484574159399e-04 1.767367680138536359e-03 3.344316307229462677e-07 2.612583572268263444e-05 2.677232657080941833e-04 1.142724034768173276e-03
8.750000000000000000e+03 3.175744365045038127e-04 8.703910848590529258e-04 1.697494750294154843e-03 2.139663120634225897e-07 2.772192679741595351e-05 2.644854528534818861e-04 1.093091210314255622e-03 3.175744365045038127e-04 8.703910848590529258e-04 1.697494750294154843e-03 2.139663120634225897e-07 2.772192679741595351e-05 2.644854528534818861e-04 1.093091210314255622e-03
9.100000000000000000e+03 3.233058466482096791e-04 7.323864630904005713e-04 1.766855695388943812e-03 3.425534958699823738e-06 2.014593774856155640e-05 2.759589845722275423e-04 1.045755987594093302e-03 3.233058466482096791e-04 7.323864630904005713e-04 1.766855695388943812e-03 3.425534958699823738e-06 2.014593774856155640e-05 2.759589845722275423e-04 1.045755987594093302e-03
9.450000000000000000e+03 3.139457920564449442e-04 8.051235774956626550e-04 1.704933488889959822e-03 3.993315407246501770e-07 2.549442564869031924e-05 3.457295128615595048e-04 1.179489462958050730e-03 3.139457920564449442e-04 8.051235774956626550e-04 1.704933488889959822e-03 3.993315407246501770e-07 2.549442564869031924e-05 3.457295128615595048e-04 1.179489462958050730e-03
9.800000000000000000e+03 3.079174849201744900e-04 8.096904998528207638e-04 1.725366518054156960e-03 3.284949857236937563e-07 2.413030756229976340e-05 3.030908067289479128e-04 1.063523655559514254e-03 3.079174849201744900e-04 8.096904998528207638e-04 1.725366518054156960e-03 3.284949857236937563e-07 2.413030756229976340e-05 3.030908067289479128e-04 1.063523655559514254e-03
1.015000000000000000e+04 3.060014634820681814e-04 7.912291690361499420e-04 1.711638960933122705e-03 3.367663352515536020e-07 2.320339718788847288e-05 2.838357865370460197e-04 1.043553665871005702e-03 3.060014634820681814e-04 7.912291690361499420e-04 1.711638960933122705e-03 3.367663352515536020e-07 2.320339718788847288e-05 2.838357865370460197e-04 1.043553665871005702e-03
1.050000000000000000e+04 3.054876842376038162e-04 7.715261906632883519e-04 1.694130583705336958e-03 3.419341345383982349e-07 2.227734610152366158e-05 2.718669906848366312e-04 1.021567277477569051e-03 3.054876842376038162e-04 7.715261906632883519e-04 1.694130583705336958e-03 3.419341345383982349e-07 2.227734610152366158e-05 2.718669906848366312e-04 1.021567277477569051e-03
1.085000000000000000e+04 3.047244019145208481e-04 7.507936602510798625e-04 1.673897491916322491e-03 3.451604079682796214e-07 2.128950816287454776e-05 2.643663218211704980e-04 9.946387100991966202e-04 3.047244019145208481e-04 7.507936602510798625e-04 1.673897491916322491e-03 3.451604079682796214e-07 2.128950816287454776e-05 2.643663218211704980e-04 9.946387100991966202e-04
1.120000000000000000e+04 2.824496945750103465e-04 1.879947386921556078e-03 1.170078985555544253e-03 1.248614742878402394e-07 1.201193270790692661e-04 2.748462986823294973e-04 1.401251430417700455e-03 2.824496945750103465e-04 1.879947386921556078e-03 1.170078985555544253e-03 1.248614742878402394e-07 1.201193270790692661e-04 2.748462986823294973e-04 1.401251430417700455e-03
1.155000000000000000e+04 3.006738153919956218e-04 7.078421218412227428e-04 1.628892256366575161e-03 3.443999416452525315e-07 1.910198739687241412e-05 2.601203663400304916e-04 9.292131569110856013e-04 3.006738153919956218e-04 7.078421218412227428e-04 1.628892256366575161e-03 3.443999416452525315e-07 1.910198739687241412e-05 2.601203663400304916e-04 9.292131569110856013e-04
1.190000000000000000e+04 2.972375097028794044e-04 7.543227989113926403e-04 1.536121757866317763e-03 5.563798487255769336e-07 2.480097121011209525e-05 2.698454352895834603e-04 9.033291158322482228e-04 2.972375097028794044e-04 7.543227989113926403e-04 1.536121757866317763e-03 5.563798487255769336e-07 2.480097121011209525e-05 2.698454352895834603e-04 9.033291158322482228e-04
1.225000000000000000e+04 2.972958595623114569e-04 6.640613764002400478e-04 1.580289094502458722e-03 3.454699594260240545e-07 1.690690347974353768e-05 2.538526377580876004e-04 8.619989027424715920e-04 2.972958595623114569e-04 6.640613764002400478e-04 1.580289094502458722e-03 3.454699594260240545e-07 1.690690347974353768e-05 2.538526377580876004e-04 8.619989027424715920e-04
1.260000000000000000e+04 2.941330923209625314e-04 6.432697381513582035e-04 1.553795261190103359e-03 3.417939748803613196e-07 1.591594464965615918e-05 2.553018050511457969e-04 8.325037865014204772e-04 2.941330923209625314e-04 6.432697381513582035e-04 1.553795261190103359e-03 3.417939748803613196e-07 1.591594464965615918e-05 2.553018050511457969e-04 8.325037865014204772e-04
1.295000000000000000e+04 2.940267272689060340e-04 6.527855340593988285e-04 1.485028583226841821e-03 6.828236859707429521e-07 1.774707394283207308e-05 2.606533448162318416e-04 8.071151615066068756e-04 2.940267272689060340e-04 6.527855340593988285e-04 1.485028583226841821e-03 6.828236859707429521e-07 1.774707394283207308e-05 2.606533448162318416e-04 8.071151615066068756e-04
1.330000000000000000e+04 2.887737029033074260e-04 6.040692852195500648e-04 1.502827828317083525e-03 3.303231290769459328e-07 1.414977010583483642e-05 2.516142989718336115e-04 7.727707568896896931e-04 2.887737029033074260e-04 6.040692852195500648e-04 1.502827828317083525e-03 3.303231290769459328e-07 1.414977010583483642e-05 2.516142989718336115e-04 7.727707568896896931e-04
1.365000000000000000e+04 2.884271013543075507e-04 5.873352259481372890e-04 1.477004257842559880e-03 3.383691444689203482e-07 1.346504102480689078e-05 2.484262394265099186e-04 7.451618693520152244e-04 2.884271013543075507e-04 5.873352259481372890e-04 1.477004257842559880e-03 3.383691444689203482e-07 1.346504102480689078e-05 2.484262394265099186e-04 7.451618693520152244e-04
1.400000000000000000e+04 2.825688035378281495e-04 6.174426580844669674e-04 1.406111921321147014e-03 3.766323240392320428e-07 1.660885315530859097e-05 2.496121767022088764e-04 7.239259416960516953e-04 2.825688035378281495e-04 6.174426580844669674e-04 1.406111921321147014e-03 3.766323240392320428e-07 1.660885315530859097e-05 2.496121767022088764e-04 7.239259416960516953e-04
1.435000000000000000e+04 2.843064527808847374e-04 4.566876791203111478e-04 1.633498679401871288e-03 3.955011433697556414e-08 3.175793546562580050e-06 2.454403176377508810e-04 6.980327909077036017e-04 2.843064527808847374e-04 4.566876791203111478e-04 1.633498679401871288e-03 3.955011433697556414e-08 3.175793546562580050e-06 2.454403176377508810e-04 6.980327909077036017e-04
1.470000000000000000e+04 2.829671545512868242e-04 5.359685604270967131e-04 1.413118971248441148e-03 3.498266645520465486e-07 1.118964027490140036e-05 2.439500849181827765e-04 6.724990318503257757e-04 2.829671545512868242e-04 5.359685604270967131e-04 1.413118971248441148e-03 3.498266645520465486e-07 1.118964027490140036e-05 2.439500849181827765e-04 6.724990318503257757e-04
1.505000000000000000e+04 2.813636790323342904e-04 5.232588697070508126e-04 1.392460741689067246e-03 3.143369122767640080e-07 1.064462701580832351e-05 2.427280031272151728e-04 6.521767741330837791e-04 2.813636790323342904e-04 5.232588697070508126e-04 1.392460741689067246e-03 3.143369122767640080e-07 1.064462701580832351e-05 2.427280031272151728e-04 6.521767741330837791e-04
1.540000000000000000e+04 2.798649426749858708e-04 5.111091451824009745e-04 1.373009874745172252e-03 3.448179390836578722e-07 1.020706674087085503e-05 2.414481623553827285e-04 6.324969117515109570e-04 2.798649426749858708e-04 5.111091451824009745e-04 1.373009874745172252e-03 3.448179390836578722e-07 1.020706674087085503e-05 2.414481623553827285e-04 6.324969117515109570e-04
1.575000000000000000e+04 2.795209095143975052e-04 3.672577762368714493e-04 1.514585242297651494e-03 8.524080310350482103e-08 2.549006573335641559e-05 2.411207892631069601e-04 6.200185820064714037e-04 2.795209095143975052e-04 3.672577762368714493e-04 1.514585242297651494e-03 8.524080310350482103e-08 2.549006573335641559e-05 2.411207892631069601e-04 6.200185820064714037e-04
1.610000000000000000e+04 2.789148828615270557e-04 7.195424118692253469e-04 1.181385082993074943e-03 2.255803034796073126e-07 1.685713530877263773e-05 2.375368023712938882e-04 5.927164307864882633e-04 2.789148828615270557e-04 7.195424118692253469e-04 1.181385082993074943e-03 2.255803034796073126e-07 1.685713530877263773e-05 2.375368023712938882e-04 5.927164307864882633e-04
1.645000000000000000e+04 2.754612437208296617e-04 5.057004794965057467e-04 1.292427566435325149e-03 8.923615352140485487e-07 8.110132895452695987e-06 2.390462963208372536e-04 5.883601180258202484e-04 2.754612437208296617e-04 5.057004794965057467e-04 1.292427566435325149e-03 8.923615352140485487e-07 8.110132895452695987e-06 2.390462963208372536e-04 5.883601180258202484e-04
1.680000000000000000e+04 2.756340011689962935e-04 5.659510250782591066e-04 1.198059040797321917e-03 6.346556486308897940e-06 1.167230168739975203e-05 2.530962956079046543e-04 5.769168870457637910e-04 2.756340011689962935e-04 5.659510250782591066e-04 1.198059040797321917e-03 6.346556486308897940e-06 1.167230168739975203e-05 2.530962956079046543e-04 5.769168870457637910e-04
1.715000000000000000e+04 2.617120009816826620e-04 4.139857503038862560e-04 1.377146729573781262e-03 2.945581479082898328e-06 4.980593804153476633e-06 2.578709547393617297e-04 6.008812122981430906e-04 2.617120009816826620e-04 4.139857503038862560e-04 1.377146729573781262e-03 2.945581479082898328e-06 4.980593804153476633e-06 2.578709547393617297e-04 6.008812122981430906e-04
1.750000000000000000e+04 2.758201427100778844e-04 4.633669322593908816e-04 1.290351057474289779e-03 2.690975090468862491e-07 8.296804425395678078e-06 2.491107556420707578e-04 5.417757797319669097e-04 2.758201427100778844e-04 4.633669322593908816e-04 1.290351057474289779e-03 2.690975090468862491e-07 8.296804425395678078e-06 2.491107556420707578e-04 5.417757797319669097e-04
1.785000000000000000e+04 2.759942348134535126e-04 5.553493429634842301e-04 1.188543569798671158e-03 4.523630826176493496e-07 4.147424297263409280e-06 2.372538576604526811e-04 5.402388404408462168e-04 2.759942348134535126e-04 5.553493429634842301e-04 1.188543569798671158e-03 4.523630826176493496e-07 4.147424297263409280e-06 2.372538576604526811e-04 5.402388404408462168e-04
1.820000000000000000e+04 2.722756384888273926e-04 4.647967641010036744e-04 1.240415850110417311e-03 3.970999466966303277e-07 9.466321922932180097e-06 2.348842458674296697e-04 5.318191966744589437e-04 2.722756384888273926e-04 4.647967641010036744e-04 1.240415850110417311e-03 3.970999466966303277e-07 9.466321922932180097e-06 2.348842458674296697e-04 5.318191966744589437e-04
1.855000000000000000e+04 2.762767630995507213e-04 5.185381089250501062e-04 1.182961466741830033e-03 2.119051603331121753e-06 3.375677841156649121e-06 2.393595715869051364e-04 5.147490460894648193e-04 2.762767630995507213e-04 5.185381089250501062e-04 1.182961466741830033e-03 2.119051603331121753e-06 3.375677841156649121e-06 2.393595715869051364e-04 5.147490460894648193e-04
1.890000000000000000e+04 2.624437695301594918e-04 3.492898088361343230e-04 1.327045520157892674e-03 3.839278125819412294e-08 1.627374093165953042e-05 2.370475513466164424e-04 5.177446498485525688e-04 2.624437695301594918e-04 3.492898088361343230e-04 1.327045520157892674e-03 3.839278125819412294e-08 1.627374093165953042e-05 2.370475513466164424e-04 5.177446498485525688e-04
1.925000000000000000e+04 2.664190104040797770e-04 3.776555079703122590e-04 1.277981422843570353e-03 1.010464022058893501e-07 1.874144149085637422e-05 2.335486013522587137e-04 5.001274352171121906e-04 2.664190104040797770e-04 3.776555079703122590e-04 1.277981422843570353e-03 1.010464022058893501e-07 1.874144149085637422e-05 2.335486013522587137e-04 5.001274352171121906e-04
1.960000000000000000e+04 2.712427086627506494e-04 3.768714322036495284e-04 1.822473979916766238e-03 1.195861245702945475e-07 9.890546186333469945e-10 2.387759385677287077e-04 4.937218017760600661e-04 2.712427086627506494e-04 3.768714322036495284e-04 1.822473979916766238e-03 1.195861245702945475e-07 9.890546186333469945e-10 2.387759385677287077e-04 4.937218017760600661e-04
1.995000000000000000e+04 2.514844017069209890e-04 3.993661753502264836e-04 1.197764314756832827e-03 1.212366128320611903e-06 1.064297730821305997e-05 2.384990199442861667e-04 5.186726469362966038e-04 2.514844017069209890e-04 3.993661753502264836e-04 1.197764314756832827e-03 1.212366128320611903e-06 1.064297730821305997e-05 2.384990199442861667e-04 5.186726469362966038e-04
2.030000000000000000e+04 2.852887744994355291e-04 5.124978635525351397e-04 1.104728659879122398e-03 4.632198721412819195e-07 8.374790984167855422e-07 2.286122810581688166e-04 4.717116896395854393e-04 2.852887744994355291e-04 5.124978635525351397e-04 1.104728659879122398e-03 4.632198721412819195e-07 8.374790984167855422e-07 2.286122810581688166e-04 4.717116896395854393e-04
2.065000000000000000e+04 2.772166767310674479e-04 4.919303907399763054e-04 1.099203201600372883e-03 2.240684384908482003e-07 3.351186646464340328e-06 2.272644249736377941e-04 4.467578792638227125e-04 2.772166767310674479e-04 4.919303907399763054e-04 1.099203201600372883e-03 2.240684384908482003e-07 3.351186646464340328e-06 2.272644249736377941e-04 4.467578792638227125e-04
2.100000000000000000e+04 2.567156621648368758e-04 4.440995041284366324e-04 1.106195959258322870e-03 4.225936226597580231e-07 4.883383676637094334e-06 2.337773192534264106e-04 4.683076103524587332e-04 2.567156621648368758e-04 4.440995041284366324e-04 1.106195959258322870e-03 4.225936226597580231e-07 4.883383676637094334e-06 2.337773192534264106e-04 4.683076103524587332e-04
2.135000000000000000e+04 2.829490144037315755e-04 2.502764147816049101e-04 1.385527248092842389e-03 7.973190146877357146e-07 3.892697791163326002e-07 2.270660408568866376e-04 4.466505106597196302e-04 2.829490144037315755e-04 2.502764147816049101e-04 1.385527248092842389e-03 7.973190146877357146e-07 3.892697791163326002e-07 2.270660408568866376e-04 4.466505106597196302e-04
2.170000000000000000e+04 2.602198986135244763e-04 4.485492744950591334e-04 1.079057621016091218e-03 8.327453370589291556e-07 3.717886328842773188e-06 2.317922555651808403e-04 4.414860359152895084e-04 2.602198986135244763e-04 4.485492744950591334e-04 1.079057621016091218e-03 8.327453370589291556e-07 3.717886328842773188e-06 2.317922555651808403e-04 4.414860359152895084e-04
2.205000000000000000e+04 2.691808538571429711e-04 2.261695079972621172e-04 1.329894743783788334e-03 2.629495040209854095e-07 8.214612291435499338e-06 2.308893349332309078e-04 4.323450950740134898e-04 2.691808538571429711e-04 2.261695079972621172e-04 1.329894743783788334e-03 2.629495040209854095e-07 8.214612291435499338e-06 2.308893349332309078e-04 4.323450950740134898e-04
2.240000000000000000e+04 2.600978833956992431e-04 3.223574024996154011e-04 1.190551463986905300e-03 8.097434939562043919e-08 2.196063581101143818e-05 2.299228243621529203e-04 4.277102745854892570e-04 2.600978833956992431e-04 3.223574024996154011e-04 1.190551463986905300e-03 8.097434939562043919e-08 2.196063581101143818e-05 2.299228243621529203e-04 4.277102745854892570e-04
2.275000000000000000e+04 2.276415125436274110e-04 1.741084288421401293e-03 2.650637868156472017e-03 7.367877700605868696e-07 2.475767745842194132e-06 2.516625362702700429e-04 5.416922422546160834e-04 2.276415125436274110e-04 1.741084288421401293e-03 2.650637868156472017e-03 7.367877700605868696e-07 2.475767745842194132e-06 2.516625362702700429e-04 5.416922422546160834e-04
2.310000000000000000e+04 2.644971258417251549e-04 6.635424276299260824e-04 9.543477862934179922e-04 2.847696878420404336e-07 1.425057412400479096e-05 5.651234854923413735e-04 1.208576036469289662e-03 2.644971258417251549e-04 6.635424276299260824e-04 9.543477862934179922e-04 2.847696878420404336e-07 1.425057412400479096e-05 5.651234854923413735e-04 1.208576036469289662e-03
2.345000000000000000e+04 2.652048929235723256e-04 4.324088527510861184e-04 1.041895830644434459e-03 2.628794899791244346e-07 8.700301197909341062e-06 3.782821431937660023e-04 7.499139737949028425e-04 2.652048929235723256e-04 4.324088527510861184e-04 1.041895830644434459e-03 2.628794899791244346e-07 8.700301197909341062e-06 3.782821431937660023e-04 7.499139737949028425e-04
2.380000000000000000e+04 2.587949531844727742e-04 3.767068579270217233e-04 1.101284187927642965e-03 2.987175249705174691e-07 7.115943709534465058e-06 3.093935575746387871e-04 5.706829618432683170e-04 2.587949531844727742e-04 3.767068579270217233e-04 1.101284187927642965e-03 2.987175249705174691e-07 7.115943709534465058e-06 3.093935575746387871e-04 5.706829618432683170e-04
2.415000000000000000e+04 2.513112828237996921e-04 3.779724563841203476e-04 1.119770356550331544e-03 3.086729504585110356e-07 6.615837195979699241e-06 2.818017876159723684e-04 4.954361018436865107e-04 2.513112828237996921e-04 3.779724563841203476e-04 1.119770356550331544e-03 3.086729504585110356e-07 6.615837195979699241e-06 2.818017876159723684e-04 4.954361018436865107e-04
2.450000000000000000e+04 2.469847982238396796e-04 3.840129741242848528e-04 1.125168931683676347e-03 3.045983227247540159e-07 6.437950885190511740e-06 2.676838926729853407e-04 4.629730940261740407e-04 2.469847982238396796e-04 3.840129741242848528e-04 1.125168931683676347e-03 3.045983227247540159e-07 6.437950885190511740e-06 2.676838926729853407e-04 4.629730940261740407e-04
2.485000000000000000e+04 2.475841383568548560e-04 3.866705144184833247e-04 1.126960341123946566e-03 3.257450267804752932e-07 6.545188015390594704e-06 2.572271871981842632e-04 4.480127527928684256e-04 2.475841383568548560e-04 3.866705144184833247e-04 1.126960341123946566e-03 3.257450267804752932e-07 6.545188015390594704e-06 2.572271871981842632e-04 4.480127527928684256e-04
2.520000000000000000e+04 2.505464684622224470e-04 3.868790603596220521e-04 1.126960227688305694e-03 3.290037876000663772e-07 6.471632707656212691e-06 2.489836739931149926e-04 4.402470966583299961e-04 2.505464684622224470e-04 3.868790603596220521e-04 1.126960227688305694e-03 3.290037876000663772e-07 6.471632707656212691e-06 2.489836739931149926e-04 4.402470966583299961e-04
2.555000000000000000e+04 2.550549404863223396e-04 3.701684022146229736e-04 1.138621980514208923e-03 4.715248498443473666e-07 7.178980543854551679e-06 2.437247234448347317e-04 4.357862522347720957e-04 2.550549404863223396e-04 3.701684022146229736e-04 1.138621980514208923e-03 4.715248498443473666e-07 7.178980543854551679e-06 2.437247234448347317e-04 4.357862522347720957e-04
2.590000000000000000e+04 2.553713337073456159e-04 4.194900341729635145e-04 1.089226152633454917e-03 2.451745500333498102e-07 5.244652776941439594e-06 2.394357481805641072e-04 4.329529904606997420e-04 2.553713337073456159e-04 4.194900341729635145e-04 1.089226152633454917e-03 2.451745500333498102e-07 5.244652776941439594e-06 2.394357481805641072e-04 4.329529904606997420e-04
2.625000000000000000e+04 2.553920952290468266e-04 4.035031585785429724e-04 1.094798614742259176e-03 5.584216769919342235e-07 6.772307333856852354e-06 2.373982460473635201e-04 4.304231315735177420e-04 2.553920952290468266e-04 4.035031585785429724e-04 1.094798614742259176e-03 5.584216769919342235e-07 6.772307333856852354e-06 2.373982460473635201e-04 4.304231315735177420e-04
2.660000000000000000e+04 2.572996828067590004e-04 3.949490924050519424e-04 1.097222424821554148e-03 2.856402020612874927e-07 5.755300410942490368e-06 2.348936417668659568e-04 4.255199298973453940e-04 2.572996828067590004e-04 3.949490924050519424e-04 1.097222424821554148e-03 2.856402020612874927e-07 5.755300410942490368e-06 2.348936417668659568e-04 4.255199298973453940e-04
2.695000000000000000e+04 2.593457069938597957e-04 3.402863281060682760e-04 1.145116723122194344e-03 7.061509363020687978e-07 7.780342983140071754e-06 2.344699532878216544e-04 4.219303105670252157e-04 2.593457069938597957e-04 3.402863281060682760e-04 1.145116723122194344e-03 7.061509363020687978e-07 7.780342983140071754e-06 2.344699532878216544e-04 4.219303105670252157e-04
2.730000000000000000e+04 2.568733958171187919e-04 4.206171054518864009e-04 1.063672167400401365e-03 7.264717924353247035e-08 4.995131246904969037e-06 2.320174096504546964e-04 4.186260066340131763e-04 2.568733958171187919e-04 4.206171054518864009e-04 1.063672167400401365e-03 7.264717924353247035e-08 4.995131246904969037e-06 2.320174096504546964e-04 4.186260066340131763e-04
2.765000000000000000e+04 3.470287774699556960e-04 8.890656830785808457e-03 5.283387139114998667e-03 1.186074460524890542e-05 2.416822812722659505e-05 5.517317594033534266e-04 4.547730942253924128e-04 3.470287774699556960e-04 8.890656830785808457e-03 5.283387139114998667e-03 1.186074460524890542e-05 2.416822812722659505e-05 5.517317594033534266e-04 4.547730942253924128e-04
2.800000000000000000e+04 2.577447299982235087e-04 4.621857079659094148e-04 1.008108136554651882e-03 3.845944200076640840e-07 5.227653069958266854e-06 2.297785893432414256e-04 4.161155540716959637e-04 2.577447299982235087e-04 4.621857079659094148e-04 1.008108136554651882e-03 3.845944200076640840e-07 5.227653069958266854e-06 2.297785893432414256e-04 4.161155540716959637e-04
2.835000000000000000e+04 2.588653774119652282e-04 4.280716420403481073e-04 1.032080778213899678e-03 5.206057762501360734e-08 4.008045171965609149e-06 2.297171203375153123e-04 4.077173758346475693e-04 2.588653774119652282e-04 4.280716420403481073e-04 1.032080778213899678e-03 5.206057762501360734e-08 4.008045171965609149e-06 2.297171203375153123e-04 4.077173758346475693e-04
2.870000000000000000e+04 2.557137758919884852e-04 5.041096201791359999e-04 9.664740273676260046e-04 2.614493221075347116e-13 2.555877134261169712e-06 2.293807501348362214e-04 4.055818830266796817e-04 2.557137758919884852e-04 5.041096201791359999e-04 9.664740273676260046e-04 2.614493221075347116e-13 2.555877134261169712e-06 2.293807501348362214e-04 4.055818830266796817e-04
2.905000000000000000e+04 2.623416286535466737e-04 2.533669582039004345e-04 1.374768046716196403e-03 1.827895709821539057e-06 7.048293849266921421e-07 2.340980428894708044e-04 3.897709721006217907e-04 2.623416286535466737e-04 2.533669582039004345e-04 1.374768046716196403e-03 1.827895709821539057e-06 7.048293849266921421e-07 2.340980428894708044e-04 3.897709721006217907e-04
2.940000000000000000e+04 2.540993167179994637e-04 4.938223966277848582e-04 9.598505670221394673e-04 1.075716433850482183e-08 2.663897339831887370e-06 2.283213456351386450e-04 3.980177284697515561e-04 2.540993167179994637e-04 4.938223966277848582e-04 9.598505670221394673e-04 1.075716433850482183e-08 2.663897339831887370e-06 2.283213456351386450e-04 3.980177284697515561e-04
2.975000000000000000e+04 2.666133815034638197e-04 2.384984438220252390e-04 1.221664263637487185e-03 1.926275487033876026e-06 1.359456856603217533e-05 2.268780734265026086e-04 3.868649474018961390e-04 2.666133815034638197e-04 2.384984438220252390e-04 1.221664263637487185e-03 1.926275487033876026e-06 1.359456856603217533e-05 2.268780734265026086e-04 3.868649474018961390e-04
3.010000000000000000e+04 2.385759525373381347e-04 1.601059087014940771e-03 7.689933115488037244e-04 1.503622926779839981e-06 8.083998324410111792e-05 2.299744691441609693e-04 4.614419352404938160e-04 2.385759525373381347e-04 1.601059087014940771e-03 7.689933115488037244e-04 1.503622926779839981e-06 8.083998324410111792e-05 2.299744691441609693e-04 4.614419352404938160e-04
3.045000000000000000e+04 2.591704500641018455e-04 3.750327991909375189e-04 1.022019947018353806e-03 2.416139633125710833e-06 5.316879818234234391e-06 2.271430849452903209e-04 3.730998869903068326e-04 2.591704500641018455e-04 3.750327991909375189e-04 1.022019947018353806e-03 2.416139633125710833e-06 5.316879818234234391e-06 2.271430849452903209e-04 3.730998869903068326e-04
3.080000000000000000e+04 2.626112541612356200e-04 3.450501983800785977e-04 1.046200000276210429e-03 3.165185848104385067e-06 5.742649450394990414e-06 2.258497027662100789e-04 3.625165186865238632e-04 2.626112541612356200e-04 3.450501983800785977e-04 1.046200000276210429e-03 3.165185848104385067e-06 5.742649450394990414e-06 2.258497027662100789e-04 3.625165186865238632e-04
3.115000000000000000e+04 2.702935288393812580e-04 2.554703536360043150e-04 1.335763519650152347e-03 4.314224891269195268e-05 1.043851275708060079e-06 3.413783624451580709e-04 4.122265366410046575e-04 2.702935288393812580e-04 2.554703536360043150e-04 1.335763519650152347e-03 4.314224891269195268e-05 1.043851275708060079e-06 3.413783624451580709e-04 4.122265366410046575e-04
3.150000000000000000e+04 2.553161124409442572e-04 3.373200024490424363e-04 1.031152755199662811e-03 3.467535236372949629e-07 4.139903967015036155e-06 2.253377581912091576e-04 3.564600474337802235e-04 2.553161124409442572e-04 3.373200024490424363e-04 1.031152755199662811e-03 3.467535236372949629e-07 4.139903967015036155e-06 2.253377581912091576e-04 3.564600474337802235e-04
3.185000000000000000e+04 2.689989946709072733e-04 6.325707307675193557e-04 8.965495417426604541e-04 2.352583369321777605e-07 1.489787691106968785e-05 2.178444029266974832e-04 3.506741006209763783e-04 2.689989946709072733e-04 6.325707307675193557e-04 8.965495417426604541e-04 2.352583369321777605e-07 1.489787691106968785e-05 2.178444029266974832e-04 3.506741006209763783e-04
3.220000000000000000e+04 2.591276284315073542e-04 2.965110369023246390e-03 7.311901308065985690e-04 1.200036885226121322e-08 1.029228491709010103e-04 2.181803156401321969e-04 3.618680717822356989e-04 2.591276284315073542e-04 2.965110369023246390e-03 7.311901308065985690e-04 1.200036885226121322e-08 1.029228491709010103e-04 2.181803156401321969e-04 3.618680717822356989e-04
3.255000000000000000e+04 2.522517362803526533e-04 4.908396874122485098e-04 1.482513893308780870e-03 1.453840209312733899e-06 5.859799341168328780e-07 2.406775623545721291e-04 3.564125114000599019e-04 2.522517362803526533e-04 4.908396874122485098e-04 1.482513893308780870e-03 1.453840209312733899e-06 5.859799341168328780e-07 2.406775623545721291e-04 3.564125114000599019e-04
3.290000000000000000e+04 2.538832713625522155e-04 2.458575903385214353e-04 1.108547224488835381e-03 1.312095175201466042e-08 5.139578421043342952e-06 2.246740656762523435e-04 3.378013511036601297e-04 2.538832713625522155e-04 2.458575903385214353e-04 1.108547224488835381e-03 1.312095175201466042e-08 5.139578421043342952e-06 2.246740656762523435e-04 3.378013511036601297e-04
3.325000000000000000e+04 2.914915263594335289e-04 3.161808443538330522e-04 9.779488955801696713e-04 2.842234523960788681e-07 4.749908713067291464e-06 3.459020594545271672e-04 4.583185515749260176e-04 2.914915263594335289e-04 3.161808443538330522e-04 9.779488955801696713e-04 2.842234523960788681e-07 4.749908713067291464e-06 3.459020594545271672e-04 4.583185515749260176e-04
3.360000000000000000e+04 2.477098104158506750e-04 3.300994239737572913e-04 1.028934753465762233e-03 2.626302395316004552e-07 4.377990741488794369e-06 2.897792766743800667e-04 3.363909094366000795e-04 2.477098104158506750e-04 3.300994239737572913e-04 1.028934753465762233e-03 2.626302395316004552e-07 4.377990741488794369e-06 2.897792766743800667e-04 3.363909094366000795e-04
3.395000000000000000e+04 2.434742595195483821e-04 3.244235915516699062e-04 1.042110569518648775e-03 2.023264796365452848e-07 4.322731133424299440e-06 2.669384975235903441e-04 3.302959729873994527e-04 2.434742595195483821e-04 3.244235915516699062e-04 1.042110569518648775e-03 2.023264796365452848e-07 4.322731133424299440e-06 2.669384975235903441e-04 3.302959729873994527e-04
3.430000000000000000e+04 2.438375946433045979e-04 3.501863468596826839e-04 1.015004118595548436e-03 4.835385542798234715e-07 4.750735107632748515e-06 2.545509956421208126e-04 3.299806947316214693e-04 2.438375946433045979e-04 3.501863468596826839e-04 1.015004118595548436e-03 4.835385542798234715e-07 4.750735107632748515e-06 2.545509956421208126e-04 3.299806947316214693e-04
3.465000000000000000e+04 2.463667507180519376e-04 3.129720283512929502e-04 1.046933463352163821e-03 1.142688718253302270e-07 4.544658199324245447e-06 2.466613974221579697e-04 3.291096093162157649e-04 2.463667507180519376e-04 3.129720283512929502e-04 1.046933463352163821e-03 1.142688718253302270e-07 4.544658199324245447e-06 2.466613974221579697e-04 3.291096093162157649e-04
3.500000000000000000e+04 2.461229096198281219e-04 3.798189736825144185e-04 9.817985415483850009e-04 8.637952081552450193e-07 4.626643475698277169e-06 2.405455069061524648e-04 3.289438246126308893e-04 2.461229096198281219e-04 3.798189736825144185e-04 9.817985415483850009e-04 8.637952081552450193e-07 4.626643475698277169e-06 2.405455069061524648e-04 3.289438246126308893e-04
