# x
0.000000000000000000e+00
0.000000000000000000e+00
0.000000000000000000e+00
0.000000000000000000e+00
0.000000000000000000e+00
0.000000000000000000e+00
0.000000000000000000e+00
0.000000000000000000e+00
0.000000000000000000e+00
0.000000000000000000e+00
0.000000000000000000e+00
5.025125628000000344e-02
1.005025125999999963e-01
1.507537687999999931e-01
2.010050251000000121e-01
2.512562814000000033e-01
3.015075376999999945e-01
3.517587939999999858e-01
4.020100502999999770e-01
4.522613065000000154e-01
5.025125628000000066e-01
5.527638191000000534e-01
6.030150753999999891e-01
6.532663317000000358e-01
7.035175878999999632e-01
7.537688442000000100e-01
8.040201004999999457e-01
8.542713567999999924e-01
9.045226131000000391e-01
9.547738692999999666e-01
1.005025126000000046e+00
1.055276381999999957e+00
1.105527638000000090e+00
1.155778894000000001e+00
1.206030150999999995e+00
1.256281406999999906e+00
1.306532663000000039e+00
1.356783920000000032e+00
1.407035175999999943e+00
1.457286432000000076e+00
1.507537687999999987e+00
1.557788944999999980e+00
1.608040200999999891e+00
1.658291457000000024e+00
1.708542714000000018e+00
1.758793969999999929e+00
1.809045226000000062e+00
1.859296481999999973e+00
1.909547738999999966e+00
1.959798995000000099e+00
2.010050251000000010e+00
2.060301507999999782e+00
2.110552763999999915e+00
2.160804020000000047e+00
2.211055276000000180e+00
2.261306532999999952e+00
2.311557789000000085e+00
2.361809045000000218e+00
2.412060301999999989e+00
2.462311558000000122e+00
2.512562813999999811e+00
2.562814069999999944e+00
2.613065327000000160e+00
2.663316582999999849e+00
2.713567838999999982e+00
2.763819095000000114e+00
2.814070351999999886e+00
2.864321608000000019e+00
2.914572864000000152e+00
2.964824120999999923e+00
3.015075377000000056e+00
3.065326633000000189e+00
3.115577888999999878e+00
3.165829146000000094e+00
3.216080401999999783e+00
3.266331657999999916e+00
3.316582915000000131e+00
3.366834170999999820e+00
3.417085426999999953e+00
3.467336683000000086e+00
3.517587939999999858e+00
3.567839195999999991e+00
3.618090452000000123e+00
3.668341708999999895e+00
3.718592965000000028e+00
3.768844221000000161e+00
3.819095476999999850e+00
3.869346734000000065e+00
3.919597990000000198e+00
3.969849245999999887e+00
4.020100503000000103e+00
4.070351759000000236e+00
4.120603015000000369e+00
4.170854270999999613e+00
4.221105527999999829e+00
4.271356783999999962e+00
4.321608040000000095e+00
4.371859296000000228e+00
4.422110553000000444e+00
4.472361808999999688e+00
4.522613064999999821e+00
4.572864322000000037e+00
4.623115578000000170e+00
4.673366834000000303e+00
4.723618090000000436e+00
4.773869346999999763e+00
4.824120602999999896e+00
4.874371859000000029e+00
4.924623116000000245e+00
4.974874372000000378e+00
5.025125627999999622e+00
5.075376883999999755e+00
5.125628140999999971e+00
5.175879397000000104e+00
5.226130653000000237e+00
5.276381909999999564e+00
5.326633165999999697e+00
5.376884421999999830e+00
5.427135677999999963e+00
5.477386935000000179e+00
5.527638191000000312e+00
5.577889446999999556e+00
5.628140703999999772e+00
5.678391959999999905e+00
5.728643216000000038e+00
5.778894472000000171e+00
5.829145729000000387e+00
5.879396984999999631e+00
5.929648240999999764e+00
5.979899496999999897e+00
6.030150754000000113e+00
6.080402010000000246e+00
6.130653266000000379e+00
6.180904522999999706e+00
6.231155778999999839e+00
6.281407034999999972e+00
6.331658291000000105e+00
6.381909548000000321e+00
6.432160803999999565e+00
6.482412059999999698e+00
6.532663316999999914e+00
6.582914573000000047e+00
6.633165829000000180e+00
6.683417085000000313e+00
6.733668341999999640e+00
6.783919597999999773e+00
6.834170853999999906e+00
6.884422111000000122e+00
6.934673367000000255e+00
6.984924623000000388e+00
7.035175878999999632e+00
7.085427135999999848e+00
7.135678391999999981e+00
7.185929648000000114e+00
7.236180905000000330e+00
7.286432160999999574e+00
7.336683416999999707e+00
7.386934672999999840e+00
7.437185930000000056e+00
7.487437186000000189e+00
7.537688442000000322e+00
7.587939697999999566e+00
7.638190954999999782e+00
7.688442210999999915e+00
7.738693467000000048e+00
7.788944724000000264e+00
7.839195980000000397e+00
7.889447235999999641e+00
7.939698491999999774e+00
7.989949748999999990e+00
8.040201005000000123e+00
8.090452260999999368e+00
8.140703518000000471e+00
8.190954773999999716e+00
8.241206030000000737e+00
8.291457285999999982e+00
8.341708542999999310e+00
8.391959799000000331e+00
8.442211054999999575e+00
8.492462312000000679e+00
8.542713567999999924e+00
8.592964823999999169e+00
8.643216080000000190e+00
8.693467336999999517e+00
8.743718593000000538e+00
8.793969848999999783e+00
8.844221106000000887e+00
8.894472362000000132e+00
8.944723617999999377e+00
8.994974874000000398e+00
9.045226130999999725e+00
9.095477387000000746e+00
9.145728642999999991e+00
9.195979898999999236e+00
9.246231156000000340e+00
9.296482411999999584e+00
9.346733668000000606e+00
9.396984924999999933e+00
9.447236180999999178e+00
9.497487437000000199e+00
9.547738692999999444e+00
9.597989950000000547e+00
9.648241205999999792e+00
9.698492462000000813e+00
9.748743719000000141e+00
9.798994974999999386e+00
9.849246231000000407e+00
9.899497486999999651e+00
9.949748744000000755e+00
1.000000000000000000e+01
0.000000000000000000e+00
5.025125628000000344e-02
1.005025125999999963e-01
1.507537687999999931e-01
2.010050251000000121e-01
2.512562814000000033e-01
3.015075376999999945e-01
3.517587939999999858e-01
4.020100502999999770e-01
4.522613065000000154e-01
5.025125628000000066e-01
5.527638191000000534e-01
6.030150753999999891e-01
6.532663317000000358e-01
7.035175878999999632e-01
7.537688442000000100e-01
8.040201004999999457e-01
8.542713567999999924e-01
9.045226131000000391e-01
9.547738692999999666e-01
1.005025126000000046e+00
1.055276381999999957e+00
1.105527638000000090e+00
1.155778894000000001e+00
1.206030150999999995e+00
1.256281406999999906e+00
1.306532663000000039e+00
1.356783920000000032e+00
1.407035175999999943e+00
1.457286432000000076e+00
1.507537687999999987e+00
1.557788944999999980e+00
1.608040200999999891e+00
1.658291457000000024e+00
1.708542714000000018e+00
1.758793969999999929e+00
1.809045226000000062e+00
1.859296481999999973e+00
1.909547738999999966e+00
1.959798995000000099e+00
2.010050251000000010e+00
2.060301507999999782e+00
2.110552763999999915e+00
2.160804020000000047e+00
2.211055276000000180e+00
2.261306532999999952e+00
2.311557789000000085e+00
2.361809045000000218e+00
2.412060301999999989e+00
2.462311558000000122e+00
2.512562813999999811e+00
2.562814069999999944e+00
2.613065327000000160e+00
2.663316582999999849e+00
2.713567838999999982e+00
2.763819095000000114e+00
2.814070351999999886e+00
2.864321608000000019e+00
2.914572864000000152e+00
2.964824120999999923e+00
3.015075377000000056e+00
3.065326633000000189e+00
3.115577888999999878e+00
3.165829146000000094e+00
3.216080401999999783e+00
3.266331657999999916e+00
3.316582915000000131e+00
3.366834170999999820e+00
3.417085426999999953e+00
3.467336683000000086e+00
3.517587939999999858e+00
3.567839195999999991e+00
3.618090452000000123e+00
3.668341708999999895e+00
3.718592965000000028e+00
3.768844221000000161e+00
3.819095476999999850e+00
3.869346734000000065e+00
3.919597990000000198e+00
3.969849245999999887e+00
4.020100503000000103e+00
4.070351759000000236e+00
4.120603015000000369e+00
4.170854270999999613e+00
4.221105527999999829e+00
4.271356783999999962e+00
4.321608040000000095e+00
4.371859296000000228e+00
4.422110553000000444e+00
4.472361808999999688e+00
4.522613064999999821e+00
4.572864322000000037e+00
4.623115578000000170e+00
4.673366834000000303e+00
4.723618090000000436e+00
4.773869346999999763e+00
4.824120602999999896e+00
4.874371859000000029e+00
4.924623116000000245e+00
4.974874372000000378e+00
5.025125627999999622e+00
5.075376883999999755e+00
5.125628140999999971e+00
5.175879397000000104e+00
5.226130653000000237e+00
5.276381909999999564e+00
5.326633165999999697e+00
5.376884421999999830e+00
5.427135677999999963e+00
5.477386935000000179e+00
5.527638191000000312e+00
5.577889446999999556e+00
5.628140703999999772e+00
5.678391959999999905e+00
5.728643216000000038e+00
5.778894472000000171e+00
5.829145729000000387e+00
5.879396984999999631e+00
5.929648240999999764e+00
5.979899496999999897e+00
6.030150754000000113e+00
6.080402010000000246e+00
6.130653266000000379e+00
6.180904522999999706e+00
6.231155778999999839e+00
6.281407034999999972e+00
6.331658291000000105e+00
6.381909548000000321e+00
6.432160803999999565e+00
6.482412059999999698e+00
6.532663316999999914e+00
6.582914573000000047e+00
6.633165829000000180e+00
6.683417085000000313e+00
6.733668341999999640e+00
6.783919597999999773e+00
6.834170853999999906e+00
6.884422111000000122e+00
6.934673367000000255e+00
6.984924623000000388e+00
7.035175878999999632e+00
7.085427135999999848e+00
7.135678391999999981e+00
7.185929648000000114e+00
7.236180905000000330e+00
7.286432160999999574e+00
7.336683416999999707e+00
7.386934672999999840e+00
7.437185930000000056e+00
7.487437186000000189e+00
7.537688442000000322e+00
7.587939697999999566e+00
7.638190954999999782e+00
7.688442210999999915e+00
7.738693467000000048e+00
7.788944724000000264e+00
7.839195980000000397e+00
7.889447235999999641e+00
7.939698491999999774e+00
7.989949748999999990e+00
8.040201005000000123e+00
8.090452260999999368e+00
8.140703518000000471e+00
8.190954773999999716e+00
8.241206030000000737e+00
8.291457285999999982e+00
8.341708542999999310e+00
8.391959799000000331e+00
8.442211054999999575e+00
8.492462312000000679e+00
8.542713567999999924e+00
8.592964823999999169e+00
8.643216080000000190e+00
8.693467336999999517e+00
8.743718593000000538e+00
8.793969848999999783e+00
8.844221106000000887e+00
8.894472362000000132e+00
8.944723617999999377e+00
8.994974874000000398e+00
9.045226130999999725e+00
9.095477387000000746e+00
9.145728642999999991e+00
9.195979898999999236e+00
9.246231156000000340e+00
9.296482411999999584e+00
9.346733668000000606e+00
9.396984924999999933e+00
9.447236180999999178e+00
9.497487437000000199e+00
9.547738692999999444e+00
9.597989950000000547e+00
9.648241205999999792e+00
9.698492462000000813e+00
9.748743719000000141e+00
9.798994974999999386e+00
9.849246231000000407e+00
9.899497486999999651e+00
9.949748744000000755e+00
1.000000000000000000e+01
0.000000000000000000e+00
5.025125628000000344e-02
1.005025125999999963e-01
1.507537687999999931e-01
2.010050251000000121e-01
2.512562814000000033e-01
3.015075376999999945e-01
3.517587939999999858e-01
4.020100502999999770e-01
4.522613065000000154e-01
5.025125628000000066e-01
5.527638191000000534e-01
6.030150753999999891e-01
6.532663317000000358e-01
7.035175878999999632e-01
7.537688442000000100e-01
8.040201004999999457e-01
8.542713567999999924e-01
9.045226131000000391e-01
9.547738692999999666e-01
1.005025126000000046e+00
1.055276381999999957e+00
1.105527638000000090e+00
1.155778894000000001e+00
1.206030150999999995e+00
1.256281406999999906e+00
1.306532663000000039e+00
1.356783920000000032e+00
1.407035175999999943e+00
1.457286432000000076e+00
1.507537687999999987e+00
1.557788944999999980e+00
1.608040200999999891e+00
1.658291457000000024e+00
1.708542714000000018e+00
1.758793969999999929e+00
1.809045226000000062e+00
1.859296481999999973e+00
1.909547738999999966e+00
1.959798995000000099e+00
2.010050251000000010e+00
2.060301507999999782e+00
2.110552763999999915e+00
2.160804020000000047e+00
2.211055276000000180e+00
2.261306532999999952e+00
2.311557789000000085e+00
2.361809045000000218e+00
2.412060301999999989e+00
2.462311558000000122e+00
2.512562813999999811e+00
2.562814069999999944e+00
2.613065327000000160e+00
2.663316582999999849e+00
2.713567838999999982e+00
2.763819095000000114e+00
2.814070351999999886e+00
2.864321608000000019e+00
2.914572864000000152e+00
2.964824120999999923e+00
3.015075377000000056e+00
3.065326633000000189e+00
3.115577888999999878e+00
3.165829146000000094e+00
3.216080401999999783e+00
3.266331657999999916e+00
3.316582915000000131e+00
3.366834170999999820e+00
3.417085426999999953e+00
3.467336683000000086e+00
3.517587939999999858e+00
3.567839195999999991e+00
3.618090452000000123e+00
3.668341708999999895e+00
3.718592965000000028e+00
3.768844221000000161e+00
3.819095476999999850e+00
3.869346734000000065e+00
3.919597990000000198e+00
3.969849245999999887e+00
4.020100503000000103e+00
4.070351759000000236e+00
4.120603015000000369e+00
4.170854270999999613e+00
4.221105527999999829e+00
4.271356783999999962e+00
4.321608040000000095e+00
4.371859296000000228e+00
4.422110553000000444e+00
4.472361808999999688e+00
4.522613064999999821e+00
4.572864322000000037e+00
4.623115578000000170e+00
4.673366834000000303e+00
4.723618090000000436e+00
4.773869346999999763e+00
4.824120602999999896e+00
4.874371859000000029e+00
4.924623116000000245e+00
4.974874372000000378e+00
5.025125627999999622e+00
5.075376883999999755e+00
5.125628140999999971e+00
5.175879397000000104e+00
5.226130653000000237e+00
5.276381909999999564e+00
5.326633165999999697e+00
5.376884421999999830e+00
5.427135677999999963e+00
5.477386935000000179e+00
5.527638191000000312e+00
5.577889446999999556e+00
5.628140703999999772e+00
5.678391959999999905e+00
5.728643216000000038e+00
5.778894472000000171e+00
5.829145729000000387e+00
5.879396984999999631e+00
5.929648240999999764e+00
5.979899496999999897e+00
6.030150754000000113e+00
6.080402010000000246e+00
6.130653266000000379e+00
6.180904522999999706e+00
6.231155778999999839e+00
6.281407034999999972e+00
6.331658291000000105e+00
6.381909548000000321e+00
6.432160803999999565e+00
6.482412059999999698e+00
6.532663316999999914e+00
6.582914573000000047e+00
6.633165829000000180e+00
6.683417085000000313e+00
6.733668341999999640e+00
6.783919597999999773e+00
6.834170853999999906e+00
6.884422111000000122e+00
6.934673367000000255e+00
6.984924623000000388e+00
7.035175878999999632e+00
7.085427135999999848e+00
7.135678391999999981e+00
7.185929648000000114e+00
7.236180905000000330e+00
7.286432160999999574e+00
7.336683416999999707e+00
7.386934672999999840e+00
7.437185930000000056e+00
7.487437186000000189e+00
7.537688442000000322e+00
7.587939697999999566e+00
7.638190954999999782e+00
7.688442210999999915e+00
7.738693467000000048e+00
7.788944724000000264e+00
7.839195980000000397e+00
7.889447235999999641e+00
7.939698491999999774e+00
7.989949748999999990e+00
8.040201005000000123e+00
8.090452260999999368e+00
8.140703518000000471e+00
8.190954773999999716e+00
8.241206030000000737e+00
8.291457285999999982e+00
8.341708542999999310e+00
8.391959799000000331e+00
8.442211054999999575e+00
8.492462312000000679e+00
8.542713567999999924e+00
8.592964823999999169e+00
8.643216080000000190e+00
8.693467336999999517e+00
8.743718593000000538e+00
8.793969848999999783e+00
8.844221106000000887e+00
8.894472362000000132e+00
8.944723617999999377e+00
8.994974874000000398e+00
9.045226130999999725e+00
9.095477387000000746e+00
9.145728642999999991e+00
9.195979898999999236e+00
9.246231156000000340e+00
9.296482411999999584e+00
9.346733668000000606e+00
9.396984924999999933e+00
9.447236180999999178e+00
9.497487437000000199e+00
9.547738692999999444e+00
9.597989950000000547e+00
9.648241205999999792e+00
9.698492462000000813e+00
9.748743719000000141e+00
9.798994974999999386e+00
9.849246231000000407e+00
9.899497486999999651e+00
9.949748744000000755e+00
1.000000000000000000e+01
0.000000000000000000e+00
5.025125628000000344e-02
1.005025125999999963e-01
1.507537687999999931e-01
2.010050251000000121e-01
2.512562814000000033e-01
3.015075376999999945e-01
3.517587939999999858e-01
4.020100502999999770e-01
4.522613065000000154e-01
5.025125628000000066e-01
5.527638191000000534e-01
6.030150753999999891e-01
6.532663317000000358e-01
7.035175878999999632e-01
7.537688442000000100e-01
8.040201004999999457e-01
8.542713567999999924e-01
9.045226131000000391e-01
9.547738692999999666e-01
1.005025126000000046e+00
1.055276381999999957e+00
1.105527638000000090e+00
1.155778894000000001e+00
1.206030150999999995e+00
1.256281406999999906e+00
1.306532663000000039e+00
1.356783920000000032e+00
1.407035175999999943e+00
1.457286432000000076e+00
1.507537687999999987e+00
1.557788944999999980e+00
1.608040200999999891e+00
1.658291457000000024e+00
1.708542714000000018e+00
1.758793969999999929e+00
1.809045226000000062e+00
1.859296481999999973e+00
1.909547738999999966e+00
1.959798995000000099e+00
2.010050251000000010e+00
2.060301507999999782e+00
2.110552763999999915e+00
2.160804020000000047e+00
2.211055276000000180e+00
2.261306532999999952e+00
2.311557789000000085e+00
2.361809045000000218e+00
2.412060301999999989e+00
2.462311558000000122e+00
2.512562813999999811e+00
2.562814069999999944e+00
2.613065327000000160e+00
2.663316582999999849e+00
2.713567838999999982e+00
2.763819095000000114e+00
2.814070351999999886e+00
2.864321608000000019e+00
2.914572864000000152e+00
2.964824120999999923e+00
3.015075377000000056e+00
3.065326633000000189e+00
3.115577888999999878e+00
3.165829146000000094e+00
3.216080401999999783e+00
3.266331657999999916e+00
3.316582915000000131e+00
3.366834170999999820e+00
3.417085426999999953e+00
3.467336683000000086e+00
3.517587939999999858e+00
3.567839195999999991e+00
3.618090452000000123e+00
3.668341708999999895e+00
3.718592965000000028e+00
3.768844221000000161e+00
3.819095476999999850e+00
3.869346734000000065e+00
3.919597990000000198e+00
3.969849245999999887e+00
4.020100503000000103e+00
4.070351759000000236e+00
4.120603015000000369e+00
4.170854270999999613e+00
4.221105527999999829e+00
4.271356783999999962e+00
4.321608040000000095e+00
4.371859296000000228e+00
4.422110553000000444e+00
4.472361808999999688e+00
4.522613064999999821e+00
4.572864322000000037e+00
4.623115578000000170e+00
4.673366834000000303e+00
4.723618090000000436e+00
4.773869346999999763e+00
4.824120602999999896e+00
4.874371859000000029e+00
4.924623116000000245e+00
4.974874372000000378e+00
5.025125627999999622e+00
5.075376883999999755e+00
5.125628140999999971e+00
5.175879397000000104e+00
5.226130653000000237e+00
5.276381909999999564e+00
5.326633165999999697e+00
5.376884421999999830e+00
5.427135677999999963e+00
5.477386935000000179e+00
5.527638191000000312e+00
5.577889446999999556e+00
5.628140703999999772e+00
5.678391959999999905e+00
5.728643216000000038e+00
5.778894472000000171e+00
5.829145729000000387e+00
5.879396984999999631e+00
5.929648240999999764e+00
5.979899496999999897e+00
6.030150754000000113e+00
6.080402010000000246e+00
6.130653266000000379e+00
6.180904522999999706e+00
6.231155778999999839e+00
6.281407034999999972e+00
6.331658291000000105e+00
6.381909548000000321e+00
6.432160803999999565e+00
6.482412059999999698e+00
6.532663316999999914e+00
6.582914573000000047e+00
6.633165829000000180e+00
6.683417085000000313e+00
6.733668341999999640e+00
6.783919597999999773e+00
6.834170853999999906e+00
6.884422111000000122e+00
6.934673367000000255e+00
6.984924623000000388e+00
7.035175878999999632e+00
7.085427135999999848e+00
7.135678391999999981e+00
7.185929648000000114e+00
7.236180905000000330e+00
7.286432160999999574e+00
7.336683416999999707e+00
7.386934672999999840e+00
7.437185930000000056e+00
7.487437186000000189e+00
7.537688442000000322e+00
7.587939697999999566e+00
7.638190954999999782e+00
7.688442210999999915e+00
7.738693467000000048e+00
7.788944724000000264e+00
7.839195980000000397e+00
7.889447235999999641e+00
7.939698491999999774e+00
7.989949748999999990e+00
8.040201005000000123e+00
8.090452260999999368e+00
8.140703518000000471e+00
8.190954773999999716e+00
8.241206030000000737e+00
8.291457285999999982e+00
8.341708542999999310e+00
8.391959799000000331e+00
8.442211054999999575e+00
8.492462312000000679e+00
8.542713567999999924e+00
8.592964823999999169e+00
8.643216080000000190e+00
8.693467336999999517e+00
8.743718593000000538e+00
8.793969848999999783e+00
8.844221106000000887e+00
8.894472362000000132e+00
8.944723617999999377e+00
8.994974874000000398e+00
9.045226130999999725e+00
9.095477387000000746e+00
9.145728642999999991e+00
9.195979898999999236e+00
9.246231156000000340e+00
9.296482411999999584e+00
9.346733668000000606e+00
9.396984924999999933e+00
9.447236180999999178e+00
9.497487437000000199e+00
9.547738692999999444e+00
9.597989950000000547e+00
9.648241205999999792e+00
9.698492462000000813e+00
9.748743719000000141e+00
9.798994974999999386e+00
9.849246231000000407e+00
9.899497486999999651e+00
9.949748744000000755e+00
1.000000000000000000e+01
0.000000000000000000e+00
5.025125628000000344e-02
1.005025125999999963e-01
1.507537687999999931e-01
2.010050251000000121e-01
2.512562814000000033e-01
3.015075376999999945e-01
3.517587939999999858e-01
4.020100502999999770e-01
4.522613065000000154e-01
5.025125628000000066e-01
5.527638191000000534e-01
6.030150753999999891e-01
6.532663317000000358e-01
7.035175878999999632e-01
7.537688442000000100e-01
8.040201004999999457e-01
8.542713567999999924e-01
9.045226131000000391e-01
9.547738692999999666e-01
1.005025126000000046e+00
1.055276381999999957e+00
1.105527638000000090e+00
1.155778894000000001e+00
1.206030150999999995e+00
1.256281406999999906e+00
1.306532663000000039e+00
1.356783920000000032e+00
1.407035175999999943e+00
1.457286432000000076e+00
1.507537687999999987e+00
1.557788944999999980e+00
1.608040200999999891e+00
1.658291457000000024e+00
1.708542714000000018e+00
1.758793969999999929e+00
1.809045226000000062e+00
1.859296481999999973e+00
1.909547738999999966e+00
1.959798995000000099e+00
2.010050251000000010e+00
2.060301507999999782e+00
2.110552763999999915e+00
2.160804020000000047e+00
2.211055276000000180e+00
2.261306532999999952e+00
2.311557789000000085e+00
2.361809045000000218e+00
2.412060301999999989e+00
2.462311558000000122e+00
2.512562813999999811e+00
2.562814069999999944e+00
2.613065327000000160e+00
2.663316582999999849e+00
2.713567838999999982e+00
2.763819095000000114e+00
2.814070351999999886e+00
2.864321608000000019e+00
2.914572864000000152e+00
2.964824120999999923e+00
3.015075377000000056e+00
3.065326633000000189e+00
3.115577888999999878e+00
3.165829146000000094e+00
3.216080401999999783e+00
3.266331657999999916e+00
3.316582915000000131e+00
3.366834170999999820e+00
3.417085426999999953e+00
3.467336683000000086e+00
3.517587939999999858e+00
3.567839195999999991e+00
3.618090452000000123e+00
3.668341708999999895e+00
3.718592965000000028e+00
3.768844221000000161e+00
3.819095476999999850e+00
3.869346734000000065e+00
3.919597990000000198e+00
3.969849245999999887e+00
4.020100503000000103e+00
4.070351759000000236e+00
4.120603015000000369e+00
4.170854270999999613e+00
4.221105527999999829e+00
4.271356783999999962e+00
4.321608040000000095e+00
4.371859296000000228e+00
4.422110553000000444e+00
4.472361808999999688e+00
4.522613064999999821e+00
4.572864322000000037e+00
4.623115578000000170e+00
4.673366834000000303e+00
4.723618090000000436e+00
4.773869346999999763e+00
4.824120602999999896e+00
4.874371859000000029e+00
4.924623116000000245e+00
4.974874372000000378e+00
5.025125627999999622e+00
5.075376883999999755e+00
5.125628140999999971e+00
5.175879397000000104e+00
5.226130653000000237e+00
5.276381909999999564e+00
5.326633165999999697e+00
5.376884421999999830e+00
5.427135677999999963e+00
5.477386935000000179e+00
5.527638191000000312e+00
5.577889446999999556e+00
5.628140703999999772e+00
5.678391959999999905e+00
5.728643216000000038e+00
5.778894472000000171e+00
5.829145729000000387e+00
5.879396984999999631e+00
5.929648240999999764e+00
5.979899496999999897e+00
6.030150754000000113e+00
6.080402010000000246e+00
6.130653266000000379e+00
6.180904522999999706e+00
6.231155778999999839e+00
6.281407034999999972e+00
6.331658291000000105e+00
6.381909548000000321e+00
6.432160803999999565e+00
6.482412059999999698e+00
6.532663316999999914e+00
6.582914573000000047e+00
6.633165829000000180e+00
6.683417085000000313e+00
6.733668341999999640e+00
6.783919597999999773e+00
6.834170853999999906e+00
6.884422111000000122e+00
6.934673367000000255e+00
6.984924623000000388e+00
7.035175878999999632e+00
7.085427135999999848e+00
7.135678391999999981e+00
7.185929648000000114e+00
7.236180905000000330e+00
7.286432160999999574e+00
7.336683416999999707e+00
7.386934672999999840e+00
7.437185930000000056e+00
7.487437186000000189e+00
7.537688442000000322e+00
7.587939697999999566e+00
7.638190954999999782e+00
7.688442210999999915e+00
7.738693467000000048e+00
7.788944724000000264e+00
7.839195980000000397e+00
7.889447235999999641e+00
7.939698491999999774e+00
7.989949748999999990e+00
8.040201005000000123e+00
8.090452260999999368e+00
8.140703518000000471e+00
8.190954773999999716e+00
8.241206030000000737e+00
8.291457285999999982e+00
8.341708542999999310e+00
8.391959799000000331e+00
8.442211054999999575e+00
8.492462312000000679e+00
8.542713567999999924e+00
8.592964823999999169e+00
8.643216080000000190e+00
8.693467336999999517e+00
8.743718593000000538e+00
8.793969848999999783e+00
8.844221106000000887e+00
8.894472362000000132e+00
8.944723617999999377e+00
8.994974874000000398e+00
9.045226130999999725e+00
9.095477387000000746e+00
9.145728642999999991e+00
9.195979898999999236e+00
9.246231156000000340e+00
9.296482411999999584e+00
9.346733668000000606e+00
9.396984924999999933e+00
9.447236180999999178e+00
9.497487437000000199e+00
9.547738692999999444e+00
9.597989950000000547e+00
9.648241205999999792e+00
9.698492462000000813e+00
9.748743719000000141e+00
9.798994974999999386e+00
9.849246231000000407e+00
9.899497486999999651e+00
9.949748744000000755e+00
1.000000000000000000e+01
0.000000000000000000e+00
5.025125628000000344e-02
1.005025125999999963e-01
1.507537687999999931e-01
2.010050251000000121e-01
2.512562814000000033e-01
3.015075376999999945e-01
3.517587939999999858e-01
4.020100502999999770e-01
4.522613065000000154e-01
5.025125628000000066e-01
5.527638191000000534e-01
6.030150753999999891e-01
6.532663317000000358e-01
7.035175878999999632e-01
7.537688442000000100e-01
8.040201004999999457e-01
8.542713567999999924e-01
9.045226131000000391e-01
9.547738692999999666e-01
1.005025126000000046e+00
1.055276381999999957e+00
1.105527638000000090e+00
1.155778894000000001e+00
1.206030150999999995e+00
1.256281406999999906e+00
1.306532663000000039e+00
1.356783920000000032e+00
1.407035175999999943e+00
1.457286432000000076e+00
1.507537687999999987e+00
1.557788944999999980e+00
1.608040200999999891e+00
1.658291457000000024e+00
1.708542714000000018e+00
1.758793969999999929e+00
1.809045226000000062e+00
1.859296481999999973e+00
1.909547738999999966e+00
1.959798995000000099e+00
2.010050251000000010e+00
2.060301507999999782e+00
2.110552763999999915e+00
2.160804020000000047e+00
2.211055276000000180e+00
2.261306532999999952e+00
2.311557789000000085e+00
2.361809045000000218e+00
2.412060301999999989e+00
2.462311558000000122e+00
2.512562813999999811e+00
2.562814069999999944e+00
2.613065327000000160e+00
2.663316582999999849e+00
2.713567838999999982e+00
2.763819095000000114e+00
2.814070351999999886e+00
2.864321608000000019e+00
2.914572864000000152e+00
2.964824120999999923e+00
3.015075377000000056e+00
3.065326633000000189e+00
3.115577888999999878e+00
3.165829146000000094e+00
3.216080401999999783e+00
3.266331657999999916e+00
3.316582915000000131e+00
3.366834170999999820e+00
3.417085426999999953e+00
3.467336683000000086e+00
3.517587939999999858e+00
3.567839195999999991e+00
3.618090452000000123e+00
3.668341708999999895e+00
3.718592965000000028e+00
3.768844221000000161e+00
3.819095476999999850e+00
3.869346734000000065e+00
3.919597990000000198e+00
3.969849245999999887e+00
4.020100503000000103e+00
4.070351759000000236e+00
4.120603015000000369e+00
4.170854270999999613e+00
4.221105527999999829e+00
4.271356783999999962e+00
4.321608040000000095e+00
4.371859296000000228e+00
4.422110553000000444e+00
4.472361808999999688e+00
4.522613064999999821e+00
4.572864322000000037e+00
4.623115578000000170e+00
4.673366834000000303e+00
4.723618090000000436e+00
4.773869346999999763e+00
4.824120602999999896e+00
4.874371859000000029e+00
4.924623116000000245e+00
4.974874372000000378e+00
5.025125627999999622e+00
5.075376883999999755e+00
5.125628140999999971e+00
5.175879397000000104e+00
5.226130653000000237e+00
5.276381909999999564e+00
5.326633165999999697e+00
5.376884421999999830e+00
5.427135677999999963e+00
5.477386935000000179e+00
5.527638191000000312e+00
5.577889446999999556e+00
5.628140703999999772e+00
5.678391959999999905e+00
5.728643216000000038e+00
5.778894472000000171e+00
5.829145729000000387e+00
5.879396984999999631e+00
5.929648240999999764e+00
5.979899496999999897e+00
6.030150754000000113e+00
6.080402010000000246e+00
6.130653266000000379e+00
6.180904522999999706e+00
6.231155778999999839e+00
6.281407034999999972e+00
6.331658291000000105e+00
6.381909548000000321e+00
6.432160803999999565e+00
6.482412059999999698e+00
6.532663316999999914e+00
6.582914573000000047e+00
6.633165829000000180e+00
6.683417085000000313e+00
6.733668341999999640e+00
6.783919597999999773e+00
6.834170853999999906e+00
6.884422111000000122e+00
6.934673367000000255e+00
6.984924623000000388e+00
7.035175878999999632e+00
7.085427135999999848e+00
7.135678391999999981e+00
7.185929648000000114e+00
7.236180905000000330e+00
7.286432160999999574e+00
7.336683416999999707e+00
7.386934672999999840e+00
7.437185930000000056e+00
7.487437186000000189e+00
7.537688442000000322e+00
7.587939697999999566e+00
7.638190954999999782e+00
7.688442210999999915e+00
7.738693467000000048e+00
7.788944724000000264e+00
7.839195980000000397e+00
7.889447235999999641e+00
7.939698491999999774e+00
7.989949748999999990e+00
8.040201005000000123e+00
8.090452260999999368e+00
8.140703518000000471e+00
8.190954773999999716e+00
8.241206030000000737e+00
8.291457285999999982e+00
8.341708542999999310e+00
8.391959799000000331e+00
8.442211054999999575e+00
8.492462312000000679e+00
8.542713567999999924e+00
8.592964823999999169e+00
8.643216080000000190e+00
8.693467336999999517e+00
8.743718593000000538e+00
8.793969848999999783e+00
8.844221106000000887e+00
8.894472362000000132e+00
8.944723617999999377e+00
8.994974874000000398e+00
9.045226130999999725e+00
9.095477387000000746e+00
9.145728642999999991e+00
9.195979898999999236e+00
9.246231156000000340e+00
9.296482411999999584e+00
9.346733668000000606e+00
9.396984924999999933e+00
9.447236180999999178e+00
9.497487437000000199e+00
9.547738692999999444e+00
9.597989950000000547e+00
9.648241205999999792e+00
9.698492462000000813e+00
9.748743719000000141e+00
9.798994974999999386e+00
9.849246231000000407e+00
9.899497486999999651e+00
9.949748744000000755e+00
1.000000000000000000e+01
0.000000000000000000e+00
5.000000000000000000e+00
2.500000000000000000e+00
7.500000000000000000e+00
1.250000000000000000e+00
6.250000000000000000e+00
3.750000000000000000e+00
8.750000000000000000e+00
6.250000000000000000e-01
5.625000000000000000e+00
3.125000000000000000e+00
8.125000000000000000e+00
1.875000000000000000e+00
6.875000000000000000e+00
4.375000000000000000e+00
9.375000000000000000e+00
3.125000000000000000e-01
5.312500000000000000e+00
2.812500000000000000e+00
7.812500000000000000e+00
1.562500000000000000e+00
6.562500000000000000e+00
4.062500000000000000e+00
9.062500000000000000e+00
9.375000000000000000e-01
5.937500000000000000e+00
3.437500000000000000e+00
8.437500000000000000e+00
2.187500000000000000e+00
7.187500000000000000e+00
4.687500000000000000e+00
9.687500000000000000e+00
1.562500000000000000e-01
5.156250000000000000e+00
2.656250000000000000e+00
7.656250000000000000e+00
1.406250000000000000e+00
6.406250000000000000e+00
3.906250000000000000e+00
8.906250000000000000e+00
7.812500000000000000e-01
5.781250000000000000e+00
3.281250000000000000e+00
8.281250000000000000e+00
2.031250000000000000e+00
7.031250000000000000e+00
4.531250000000000000e+00
9.531250000000000000e+00
4.687500000000000000e-01
5.468750000000000000e+00
2.968750000000000000e+00
7.968750000000000000e+00
1.718750000000000000e+00
6.718750000000000000e+00
4.218750000000000000e+00
9.218750000000000000e+00
1.093750000000000000e+00
6.093750000000000000e+00
3.593750000000000000e+00
8.593750000000000000e+00
2.343750000000000000e+00
7.343750000000000000e+00
4.843750000000000000e+00
9.843750000000000000e+00
7.812500000000000000e-02
5.078125000000000000e+00
2.578125000000000000e+00
7.578125000000000000e+00
1.328125000000000000e+00
6.328125000000000000e+00
3.828125000000000000e+00
8.828125000000000000e+00
7.031250000000000000e-01
5.703125000000000000e+00
3.203125000000000000e+00
8.203125000000000000e+00
1.953125000000000000e+00
6.953125000000000000e+00
4.453125000000000000e+00
9.453125000000000000e+00
3.906250000000000000e-01
5.390625000000000000e+00
2.890625000000000000e+00
7.890625000000000000e+00
1.640625000000000000e+00
6.640625000000000000e+00
4.140625000000000000e+00
9.140625000000000000e+00
1.015625000000000000e+00
6.015625000000000000e+00
3.515625000000000000e+00
8.515625000000000000e+00
2.265625000000000000e+00
7.265625000000000000e+00
4.765625000000000000e+00
9.765625000000000000e+00
2.343750000000000000e-01
5.234375000000000000e+00
2.734375000000000000e+00
7.734375000000000000e+00
1.484375000000000000e+00
6.484375000000000000e+00
3.984375000000000000e+00
8.984375000000000000e+00
8.593750000000000000e-01
5.859375000000000000e+00
3.359375000000000000e+00
8.359375000000000000e+00
2.109375000000000000e+00
7.109375000000000000e+00
4.609375000000000000e+00
9.609375000000000000e+00
5.468750000000000000e-01
5.546875000000000000e+00
3.046875000000000000e+00
8.046875000000000000e+00
1.796875000000000000e+00
6.796875000000000000e+00
4.296875000000000000e+00
9.296875000000000000e+00
1.171875000000000000e+00
6.171875000000000000e+00
3.671875000000000000e+00
8.671875000000000000e+00
2.421875000000000000e+00
7.421875000000000000e+00
4.921875000000000000e+00
9.921875000000000000e+00
3.906250000000000000e-02
5.039062500000000000e+00
2.539062500000000000e+00
7.539062500000000000e+00
1.289062500000000000e+00
6.289062500000000000e+00
3.789062500000000000e+00
8.789062500000000000e+00
6.640625000000000000e-01
5.664062500000000000e+00
3.164062500000000000e+00
8.164062500000000000e+00
1.914062500000000000e+00
6.914062500000000000e+00
4.414062500000000000e+00
9.414062500000000000e+00
3.515625000000000000e-01
5.351562500000000000e+00
2.851562500000000000e+00
7.851562500000000000e+00
1.601562500000000000e+00
6.601562500000000000e+00
4.101562500000000000e+00
9.101562500000000000e+00
9.765625000000000000e-01
5.976562500000000000e+00
3.476562500000000000e+00
8.476562500000000000e+00
2.226562500000000000e+00
7.226562500000000000e+00
4.726562500000000000e+00
9.726562500000000000e+00
1.953125000000000000e-01
5.195312500000000000e+00
2.695312500000000000e+00
7.695312500000000000e+00
1.445312500000000000e+00
6.445312500000000000e+00
3.945312500000000000e+00
8.945312500000000000e+00
8.203125000000000000e-01
5.820312500000000000e+00
3.320312500000000000e+00
8.320312500000000000e+00
2.070312500000000000e+00
7.070312500000000000e+00
4.570312500000000000e+00
9.570312500000000000e+00
5.078125000000000000e-01
5.507812500000000000e+00
3.007812500000000000e+00
8.007812500000000000e+00
1.757812500000000000e+00
6.757812500000000000e+00
4.257812500000000000e+00
9.257812500000000000e+00
1.132812500000000000e+00
6.132812500000000000e+00
3.632812500000000000e+00
8.632812500000000000e+00
2.382812500000000000e+00
7.382812500000000000e+00
4.882812500000000000e+00
9.882812500000000000e+00
1.171875000000000000e-01
5.117187500000000000e+00
2.617187500000000000e+00
7.617187500000000000e+00
1.367187500000000000e+00
6.367187500000000000e+00
3.867187500000000000e+00
8.867187500000000000e+00
