0 [0.00e+00, 0.00e+00, 0.00e+00, 0.00e+00, 0.00e+00, 0.00e+00, 0.00e+00, 0.00e+00]
500 [1.56e-02, -4.49e-02, 2.76e-02, -2.14e-02, 2.08e-02, -3.15e-02, 3.23e-02, -6.75e-03]
1000 [5.01e-02, -5.27e-02, 7.07e-02, -5.33e-02, 5.62e-02, -5.32e-02, 5.87e-02, -3.28e-03]
1500 [7.71e-02, -2.80e-02, 8.87e-02, -4.44e-02, 7.60e-02, -3.70e-02, 8.02e-02, 1.78e-02]
2000 [9.82e-02, -1.36e-02, 1.08e-01, -2.82e-02, 9.94e-02, -1.32e-02, 1.07e-01, 4.61e-02]
2500 [1.06e-01, -2.44e-02, 1.30e-01, -1.15e-02, 1.31e-01, 1.88e-02, 1.41e-01, 8.08e-02]
3000 [1.13e-01, -2.13e-02, 1.44e-01, 6.44e-04, 1.67e-01, 5.75e-02, 1.77e-01, 1.16e-01]
3500 [1.19e-01, -9.40e-03, 1.55e-01, 1.31e-02, 2.00e-01, 9.20e-02, 2.10e-01, 1.49e-01]
4000 [1.21e-01, -7.00e-03, 1.67e-01, 2.92e-02, 2.24e-01, 1.18e-01, 2.42e-01, 1.80e-01]
4500 [1.19e-01, -8.85e-03, 1.79e-01, 4.56e-02, 2.43e-01, 1.39e-01, 2.65e-01, 2.04e-01]
5000 [1.19e-01, -8.46e-03, 1.89e-01, 5.81e-02, 2.59e-01, 1.56e-01, 2.81e-01, 2.20e-01]
5500 [1.19e-01, -8.03e-03, 1.95e-01, 6.59e-02, 2.72e-01, 1.69e-01, 2.92e-01, 2.31e-01]
6000 [1.18e-01, -8.32e-03, 1.97e-01, 6.88e-02, 2.78e-01, 1.75e-01, 3.00e-01, 2.39e-01]
6500 [1.18e-01, -7.90e-03, 1.97e-01, 6.86e-02, 2.79e-01, 1.75e-01, 3.04e-01, 2.43e-01]
7000 [1.19e-01, -6.07e-03, 1.96e-01, 6.80e-02, 2.78e-01, 1.73e-01, 3.07e-01, 2.46e-01]
7500 [1.20e-01, -4.07e-03, 1.96e-01, 6.79e-02, 2.77e-01, 1.73e-01, 3.08e-01, 2.47e-01]
8000 [1.20e-01, -3.39e-03, 1.96e-01, 6.75e-02, 2.78e-01, 1.73e-01, 3.10e-01, 2.49e-01]
8500 [1.20e-01, -3.91e-03, 1.95e-01, 6.63e-02, 2.78e-01, 1.73e-01, 3.11e-01, 2.50e-01]
9000 [1.20e-01, -4.65e-03, 1.95e-01, 6.49e-02, 2.77e-01, 1.73e-01, 3.11e-01, 2.50e-01]
9500 [1.20e-01, -5.00e-03, 1.94e-01, 6.39e-02, 2.77e-01, 1.72e-01, 3.11e-01, 2.49e-01]
10000 [1.20e-01, -5.03e-03, 1.94e-01, 6.34e-02, 2.77e-01, 1.72e-01, 3.11e-01, 2.49e-01]
10500 [1.20e-01, -5.00e-03, 1.94e-01, 6.30e-02, 2.77e-01, 1.71e-01, 3.10e-01, 2.49e-01]
11000 [1.20e-01, -4.97e-03, 1.94e-01, 6.27e-02, 2.76e-01, 1.71e-01, 3.10e-01, 2.49e-01]
11500 [1.21e-01, -4.97e-03, 1.94e-01, 6.25e-02, 2.76e-01, 1.71e-01, 3.10e-01, 2.48e-01]
12000 [1.21e-01, -5.05e-03, 1.94e-01, 6.22e-02, 2.76e-01, 1.70e-01, 3.10e-01, 2.48e-01]
12500 [1.21e-01, -5.20e-03, 1.94e-01, 6.20e-02, 2.76e-01, 1.70e-01, 3.10e-01, 2.48e-01]
13000 [1.21e-01, -5.41e-03, 1.94e-01, 6.17e-02, 2.76e-01, 1.70e-01, 3.10e-01, 2.48e-01]
13500 [1.21e-01, -5.65e-03, 1.93e-01, 6.14e-02, 2.75e-01, 1.69e-01, 3.09e-01, 2.47e-01]
14000 [1.21e-01, -5.91e-03, 1.93e-01, 6.11e-02, 2.75e-01, 1.69e-01, 3.09e-01, 2.47e-01]
14500 [1.20e-01, -6.20e-03, 1.93e-01, 6.09e-02, 2.75e-01, 1.69e-01, 3.09e-01, 2.47e-01]
15000 [1.20e-01, -6.49e-03, 1.93e-01, 6.06e-02, 2.75e-01, 1.68e-01, 3.09e-01, 2.47e-01]
15500 [1.20e-01, -6.83e-03, 1.93e-01, 6.04e-02, 2.75e-01, 1.68e-01, 3.09e-01, 2.47e-01]
16000 [1.20e-01, -7.18e-03, 1.93e-01, 6.01e-02, 2.75e-01, 1.68e-01, 3.09e-01, 2.47e-01]
16500 [1.20e-01, -7.59e-03, 1.93e-01, 5.99e-02, 2.75e-01, 1.68e-01, 3.09e-01, 2.46e-01]
17000 [1.20e-01, -8.05e-03, 1.93e-01, 5.96e-02, 2.75e-01, 1.68e-01, 3.09e-01, 2.46e-01]
17500 [1.20e-01, -8.64e-03, 1.92e-01, 5.93e-02, 2.74e-01, 1.67e-01, 3.09e-01, 2.46e-01]
18000 [1.19e-01, -9.28e-03, 1.92e-01, 5.90e-02, 2.74e-01, 1.67e-01, 3.08e-01, 2.46e-01]
18500 [1.19e-01, -1.00e-02, 1.92e-01, 5.87e-02, 2.74e-01, 1.67e-01, 3.08e-01, 2.46e-01]
19000 [1.19e-01, -1.07e-02, 1.92e-01, 5.84e-02, 2.74e-01, 1.67e-01, 3.08e-01, 2.46e-01]
19500 [1.19e-01, -1.14e-02, 1.92e-01, 5.81e-02, 2.74e-01, 1.67e-01, 3.08e-01, 2.46e-01]
20000 [1.18e-01, -1.19e-02, 1.92e-01, 5.79e-02, 2.74e-01, 1.67e-01, 3.08e-01, 2.46e-01]
20500 [1.18e-01, -1.24e-02, 1.92e-01, 5.77e-02, 2.74e-01, 1.67e-01, 3.08e-01, 2.46e-01]
21000 [1.18e-01, -1.27e-02, 1.92e-01, 5.75e-02, 2.74e-01, 1.66e-01, 3.08e-01, 2.46e-01]
21500 [1.18e-01, -1.30e-02, 1.91e-01, 5.74e-02, 2.74e-01, 1.66e-01, 3.08e-01, 2.45e-01]
22000 [1.18e-01, -1.32e-02, 1.91e-01, 5.73e-02, 2.74e-01, 1.66e-01, 3.08e-01, 2.45e-01]
22500 [1.18e-01, -1.34e-02, 1.91e-01, 5.72e-02, 2.74e-01, 1.66e-01, 3.08e-01, 2.45e-01]
23000 [1.18e-01, -1.35e-02, 1.91e-01, 5.71e-02, 2.73e-01, 1.66e-01, 3.08e-01, 2.45e-01]
23500 [1.18e-01, -1.36e-02, 1.91e-01, 5.70e-02, 2.73e-01, 1.66e-01, 3.08e-01, 2.45e-01]
24000 [1.18e-01, -1.37e-02, 1.91e-01, 5.70e-02, 2.73e-01, 1.66e-01, 3.08e-01, 2.45e-01]
24500 [1.18e-01, -1.38e-02, 1.91e-01, 5.69e-02, 2.73e-01, 1.66e-01, 3.08e-01, 2.45e-01]
25000 [1.18e-01, -1.38e-02, 1.91e-01, 5.69e-02, 2.73e-01, 1.66e-01, 3.08e-01, 2.45e-01]
25500 [1.18e-01, -1.39e-02, 1.91e-01, 5.68e-02, 2.73e-01, 1.66e-01, 3.08e-01, 2.45e-01]
26000 [1.18e-01, -1.39e-02, 1.91e-01, 5.68e-02, 2.73e-01, 1.66e-01, 3.08e-01, 2.45e-01]
26500 [1.18e-01, -1.39e-02, 1.91e-01, 5.68e-02, 2.73e-01, 1.66e-01, 3.08e-01, 2.45e-01]
27000 [1.18e-01, -1.40e-02, 1.91e-01, 5.67e-02, 2.73e-01, 1.66e-01, 3.08e-01, 2.45e-01]
27500 [1.18e-01, -1.40e-02, 1.91e-01, 5.67e-02, 2.73e-01, 1.66e-01, 3.08e-01, 2.45e-01]
28000 [1.18e-01, -1.40e-02, 1.91e-01, 5.67e-02, 2.73e-01, 1.66e-01, 3.08e-01, 2.45e-01]
28500 [1.18e-01, -1.40e-02, 1.91e-01, 5.67e-02, 2.73e-01, 1.66e-01, 3.08e-01, 2.45e-01]
29000 [1.18e-01, -1.40e-02, 1.91e-01, 5.66e-02, 2.73e-01, 1.66e-01, 3.08e-01, 2.45e-01]
29500 [1.18e-01, -1.40e-02, 1.91e-01, 5.66e-02, 2.73e-01, 1.66e-01, 3.08e-01, 2.45e-01]
30000 [1.18e-01, -1.40e-02, 1.91e-01, 5.66e-02, 2.73e-01, 1.66e-01, 3.08e-01, 2.45e-01]
30500 [1.18e-01, -1.39e-02, 1.91e-01, 5.66e-02, 2.73e-01, 1.66e-01, 3.08e-01, 2.45e-01]
31000 [1.18e-01, -1.39e-02, 1.91e-01, 5.66e-02, 2.73e-01, 1.65e-01, 3.08e-01, 2.45e-01]
31500 [1.18e-01, -1.39e-02, 1.91e-01, 5.66e-02, 2.73e-01, 1.65e-01, 3.08e-01, 2.45e-01]
32000 [1.18e-01, -1.39e-02, 1.91e-01, 5.66e-02, 2.73e-01, 1.65e-01, 3.07e-01, 2.45e-01]
32500 [1.18e-01, -1.39e-02, 1.91e-01, 5.66e-02, 2.73e-01, 1.65e-01, 3.07e-01, 2.45e-01]
33000 [1.18e-01, -1.40e-02, 1.91e-01, 5.66e-02, 2.73e-01, 1.65e-01, 3.07e-01, 2.45e-01]
33500 [1.18e-01, -1.41e-02, 1.91e-01, 5.66e-02, 2.73e-01, 1.65e-01, 3.07e-01, 2.45e-01]
34000 [1.18e-01, -1.41e-02, 1.91e-01, 5.66e-02, 2.73e-01, 1.65e-01, 3.07e-01, 2.45e-01]
34500 [1.18e-01, -1.41e-02, 1.91e-01, 5.65e-02, 2.73e-01, 1.65e-01, 3.07e-01, 2.45e-01]
35000 [1.18e-01, -1.42e-02, 1.91e-01, 5.65e-02, 2.73e-01, 1.65e-01, 3.07e-01, 2.45e-01]
35500 [1.18e-01, -1.42e-02, 1.91e-01, 5.65e-02, 2.73e-01, 1.65e-01, 3.07e-01, 2.45e-01]
36000 [1.18e-01, -1.42e-02, 1.91e-01, 5.65e-02, 2.73e-01, 1.65e-01, 3.07e-01, 2.45e-01]
36500 [1.18e-01, -1.42e-02, 1.91e-01, 5.65e-02, 2.73e-01, 1.65e-01, 3.07e-01, 2.45e-01]
37000 [1.18e-01, -1.42e-02, 1.91e-01, 5.65e-02, 2.73e-01, 1.65e-01, 3.07e-01, 2.45e-01]
37500 [1.18e-01, -1.42e-02, 1.91e-01, 5.65e-02, 2.73e-01, 1.65e-01, 3.07e-01, 2.45e-01]
38000 [1.18e-01, -1.42e-02, 1.91e-01, 5.65e-02, 2.73e-01, 1.65e-01, 3.07e-01, 2.45e-01]
38500 [1.18e-01, -1.42e-02, 1.91e-01, 5.65e-02, 2.73e-01, 1.65e-01, 3.07e-01, 2.45e-01]
39000 [1.18e-01, -1.42e-02, 1.91e-01, 5.65e-02, 2.73e-01, 1.65e-01, 3.07e-01, 2.45e-01]
39500 [1.18e-01, -1.42e-02, 1.91e-01, 5.65e-02, 2.73e-01, 1.65e-01, 3.07e-01, 2.45e-01]
40000 [1.18e-01, -1.42e-02, 1.91e-01, 5.65e-02, 2.73e-01, 1.65e-01, 3.07e-01, 2.45e-01]
40500 [1.18e-01, -1.42e-02, 1.91e-01, 5.65e-02, 2.73e-01, 1.65e-01, 3.07e-01, 2.45e-01]
41000 [1.18e-01, -1.42e-02, 1.91e-01, 5.64e-02, 2.73e-01, 1.65e-01, 3.07e-01, 2.45e-01]
41500 [1.18e-01, -1.42e-02, 1.91e-01, 5.64e-02, 2.73e-01, 1.65e-01, 3.07e-01, 2.45e-01]
42000 [1.18e-01, -1.42e-02, 1.91e-01, 5.64e-02, 2.73e-01, 1.65e-01, 3.07e-01, 2.45e-01]
42500 [1.18e-01, -1.42e-02, 1.91e-01, 5.64e-02, 2.73e-01, 1.65e-01, 3.07e-01, 2.45e-01]
43000 [1.18e-01, -1.42e-02, 1.91e-01, 5.64e-02, 2.73e-01, 1.65e-01, 3.07e-01, 2.45e-01]
43500 [1.18e-01, -1.42e-02, 1.91e-01, 5.64e-02, 2.73e-01, 1.65e-01, 3.07e-01, 2.45e-01]
44000 [1.18e-01, -1.42e-02, 1.91e-01, 5.64e-02, 2.73e-01, 1.65e-01, 3.07e-01, 2.45e-01]
44500 [1.18e-01, -1.42e-02, 1.91e-01, 5.64e-02, 2.73e-01, 1.65e-01, 3.07e-01, 2.45e-01]
45000 [1.18e-01, -1.42e-02, 1.91e-01, 5.64e-02, 2.73e-01, 1.65e-01, 3.07e-01, 2.45e-01]
45500 [1.18e-01, -1.42e-02, 1.91e-01, 5.64e-02, 2.73e-01, 1.65e-01, 3.07e-01, 2.44e-01]
46000 [1.18e-01, -1.42e-02, 1.91e-01, 5.64e-02, 2.73e-01, 1.65e-01, 3.07e-01, 2.44e-01]
46500 [1.18e-01, -1.43e-02, 1.91e-01, 5.64e-02, 2.73e-01, 1.65e-01, 3.07e-01, 2.44e-01]
47000 [1.18e-01, -1.42e-02, 1.91e-01, 5.64e-02, 2.73e-01, 1.65e-01, 3.07e-01, 2.44e-01]
47500 [1.18e-01, -1.43e-02, 1.91e-01, 5.64e-02, 2.73e-01, 1.65e-01, 3.07e-01, 2.44e-01]
48000 [1.18e-01, -1.43e-02, 1.91e-01, 5.64e-02, 2.73e-01, 1.65e-01, 3.07e-01, 2.44e-01]
48500 [1.18e-01, -1.43e-02, 1.91e-01, 5.64e-02, 2.73e-01, 1.65e-01, 3.07e-01, 2.44e-01]
49000 [1.18e-01, -1.43e-02, 1.91e-01, 5.64e-02, 2.73e-01, 1.65e-01, 3.07e-01, 2.44e-01]
49500 [1.18e-01, -1.43e-02, 1.91e-01, 5.64e-02, 2.73e-01, 1.65e-01, 3.07e-01, 2.44e-01]
50000 [1.18e-01, -1.43e-02, 1.91e-01, 5.64e-02, 2.73e-01, 1.65e-01, 3.07e-01, 2.44e-01]
