# step, loss_train, loss_test, metrics_test
0.000000000000000000e+00 2.242989609685421860e-03 5.005848739416202337e-04 2.170859809073747912e-03 1.932100000000000219e-12 1.632160000000000105e-11 5.678272506962322996e-01 6.407225229579563974e-01 2.242989609685421860e-03 5.005848739416202337e-04 2.170859809073747912e-03 1.932100000000000219e-12 1.632160000000000105e-11 5.678272506962322996e-01 6.407225229579563974e-01
3.500000000000000000e+02 7.825961958585281666e-04 2.648284992945522127e-03 2.463425972329339321e-04 6.667503926215475397e-07 1.173322101529069791e-04 2.962401579153627756e-03 3.073977982221714859e-03 7.825961958585281666e-04 2.648284992945522127e-03 2.463425972329339321e-04 6.667503926215475397e-07 1.173322101529069791e-04 2.962401579153627756e-03 3.073977982221714859e-03
7.000000000000000000e+02 9.085260839861478924e-04 2.298788934549408306e-03 5.170527498502971390e-04 1.363013480060659098e-06 1.137777974965743311e-04 2.352534412932064285e-03 2.714325460451492110e-03 9.085260839861478924e-04 2.298788934549408306e-03 5.170527498502971390e-04 1.363013480060659098e-06 1.137777974965743311e-04 2.352534412932064285e-03 2.714325460451492110e-03
1.050000000000000000e+03 8.620351809035200650e-04 2.012404274415497026e-03 7.070410919553774985e-04 1.202922807008557990e-06 8.996280453733932750e-05 1.953622838257299422e-03 2.113798594699772132e-03 8.620351809035200650e-04 2.012404274415497026e-03 7.070410919553774985e-04 1.202922807008557990e-06 8.996280453733932750e-05 1.953622838257299422e-03 2.113798594699772132e-03
1.400000000000000000e+03 9.082795618674176187e-04 1.755614564379214112e-03 8.793665238176215718e-04 9.742050429654047437e-07 7.392467508382317206e-05 1.579407845680646507e-03 1.651502884547560420e-03 9.082795618674176187e-04 1.755614564379214112e-03 8.793665238176215718e-04 9.742050429654047437e-07 7.392467508382317206e-05 1.579407845680646507e-03 1.651502884547560420e-03
1.750000000000000000e+03 1.060055044291508897e-03 1.795986759661033147e-03 1.561561172546481815e-03 1.034952239316803185e-05 5.364666862978105971e-05 1.864406671643297712e-03 1.406890838362991709e-03 1.060055044291508897e-03 1.795986759661033147e-03 1.561561172546481815e-03 1.034952239316803185e-05 5.364666862978105971e-05 1.864406671643297712e-03 1.406890838362991709e-03
2.100000000000000000e+03 1.016787795736099091e-03 1.240666570886919846e-03 1.031140921353842230e-03 9.115123258346058133e-07 5.486393403854472351e-05 1.086894940264684179e-03 1.099398552042091205e-03 1.016787795736099091e-03 1.240666570886919846e-03 1.031140921353842230e-03 9.115123258346058133e-07 5.486393403854472351e-05 1.086894940264684179e-03 1.099398552042091205e-03
2.450000000000000000e+03 1.020014630282216469e-03 1.047548623942200132e-03 1.047713732025598588e-03 8.666839587340883434e-07 4.539084231912719883e-05 1.029469006876825802e-03 9.409381843832860873e-04 1.020014630282216469e-03 1.047548623942200132e-03 1.047713732025598588e-03 8.666839587340883434e-07 4.539084231912719883e-05 1.029469006876825802e-03 9.409381843832860873e-04
2.800000000000000000e+03 1.012082965058553555e-03 9.301091085571781478e-04 1.059880535763059375e-03 5.291575768850341306e-07 4.006020767445137904e-05 9.651907645938775709e-04 8.277033049315248546e-04 1.012082965058553555e-03 9.301091085571781478e-04 1.059880535763059375e-03 5.291575768850341306e-07 4.006020767445137904e-05 9.651907645938775709e-04 8.277033049315248546e-04
3.150000000000000000e+03 1.030189500128807657e-03 1.297140395198978372e-03 7.985703918933010877e-04 9.209019003595710491e-07 6.927778596046510755e-05 9.349181045950967668e-04 9.112187923820042924e-04 1.030189500128807657e-03 1.297140395198978372e-03 7.985703918933010877e-04 9.209019003595710491e-07 6.927778596046510755e-05 9.349181045950967668e-04 9.112187923820042924e-04
3.500000000000000000e+03 9.550249878969374953e-04 6.984473999691708911e-04 9.974324004935932863e-04 7.673900487621418826e-07 3.035343185478456038e-05 9.540978841830882870e-04 6.561056842673145028e-04 9.550249878969374953e-04 6.984473999691708911e-04 9.974324004935932863e-04 7.673900487621418826e-07 3.035343185478456038e-05 9.540978841830882870e-04 6.561056842673145028e-04
3.850000000000000000e+03 9.428339452576265300e-04 6.289949947838962239e-04 9.693881154355068119e-04 7.474222528337511217e-07 2.698313907185787328e-05 9.455569206921422745e-04 6.006580419866440956e-04 9.428339452576265300e-04 6.289949947838962239e-04 9.693881154355068119e-04 7.474222528337511217e-07 2.698313907185787328e-05 9.455569206921422745e-04 6.006580419866440956e-04
4.200000000000000000e+03 9.327988656169893108e-04 5.733152998454467799e-04 9.400661139774366820e-04 7.421921871228704898e-07 2.415373462780784922e-05 9.394074701393106876e-04 5.565440391173492960e-04 9.327988656169893108e-04 5.733152998454467799e-04 9.400661139774366820e-04 7.421921871228704898e-07 2.415373462780784922e-05 9.394074701393106876e-04 5.565440391173492960e-04
4.550000000000000000e+03 9.991972452811331406e-04 4.557922267762497997e-04 1.032092468916020458e-03 2.407244106382787761e-07 2.030710827382773307e-05 9.676928857370214110e-04 5.209913591314982483e-04 9.991972452811331406e-04 4.557922267762497997e-04 1.032092468916020458e-03 2.407244106382787761e-07 2.030710827382773307e-05 9.676928857370214110e-04 5.209913591314982483e-04
4.900000000000000000e+03 9.186886255675433743e-04 4.828378650256652592e-04 8.774080701414861379e-04 7.099745627933093820e-07 1.953735564332269292e-05 9.286062881359646382e-04 4.822676466386627910e-04 9.186886255675433743e-04 4.828378650256652592e-04 8.774080701414861379e-04 7.099745627933093820e-07 1.953735564332269292e-05 9.286062881359646382e-04 4.822676466386627910e-04
5.250000000000000000e+03 9.143703151493246754e-04 4.484941363771561152e-04 8.527622730587477778e-04 8.625870119996816320e-07 1.744945896043232367e-05 9.251286145217221335e-04 4.541834739919585690e-04 9.143703151493246754e-04 4.484941363771561152e-04 8.527622730587477778e-04 8.625870119996816320e-07 1.744945896043232367e-05 9.251286145217221335e-04 4.541834739919585690e-04
5.600000000000000000e+03 9.055999348812652713e-04 3.742845276417301769e-04 9.235096365481975994e-04 1.589966634175496447e-06 9.990319711941815845e-06 9.438328054196251172e-04 4.336568732527917294e-04 9.055999348812652713e-04 3.742845276417301769e-04 9.235096365481975994e-04 1.589966634175496447e-06 9.990319711941815845e-06 9.438328054196251172e-04 4.336568732527917294e-04
5.950000000000000000e+03 9.067874883092252392e-04 4.129798821226258717e-04 7.805667896729345800e-04 7.456565488638094334e-07 1.616721349697434774e-05 9.181698382096742340e-04 4.089528667078774749e-04 9.067874883092252392e-04 4.129798821226258717e-04 7.805667896729345800e-04 7.456565488638094334e-07 1.616721349697434774e-05 9.181698382096742340e-04 4.089528667078774749e-04
6.300000000000000000e+03 9.006781733958168275e-04 4.398466593013950843e-04 7.052025358314167143e-04 3.111800123253906730e-06 2.271864774260288017e-05 9.600213730522734554e-04 4.086438830290488452e-04 9.006781733958168275e-04 4.398466593013950843e-04 7.052025358314167143e-04 3.111800123253906730e-06 2.271864774260288017e-05 9.600213730522734554e-04 4.086438830290488452e-04
6.650000000000000000e+03 9.071155709840660226e-04 3.800723194572482142e-04 7.326578794174623023e-04 3.931357937056424730e-07 1.468595269175835209e-05 9.060530286825987023e-04 3.725506816303538068e-04 9.071155709840660226e-04 3.800723194572482142e-04 7.326578794174623023e-04 3.931357937056424730e-07 1.468595269175835209e-05 9.060530286825987023e-04 3.725506816303538068e-04
7.000000000000000000e+03 9.010558018178482266e-04 3.711076144243167867e-04 7.056630014696488751e-04 9.123048581852345416e-07 1.389066324068712869e-05 9.112031662696635885e-04 3.549640202533431497e-04 9.010558018178482266e-04 3.711076144243167867e-04 7.056630014696488751e-04 9.123048581852345416e-07 1.389066324068712869e-05 9.112031662696635885e-04 3.549640202533431497e-04
7.350000000000000000e+03 8.991402161486158114e-04 3.684492740333630812e-04 6.760793288809657580e-04 8.448886236577204201e-07 1.554109513011121550e-05 9.068445438364550019e-04 3.437768621653976785e-04 8.991402161486158114e-04 3.684492740333630812e-04 6.760793288809657580e-04 8.448886236577204201e-07 1.554109513011121550e-05 9.068445438364550019e-04 3.437768621653976785e-04
7.700000000000000000e+03 9.064289359791638870e-04 4.625426094976217836e-04 6.126137874650156370e-04 5.703615405876567494e-07 1.612969113595765254e-05 9.007673703622520603e-04 3.281677206108884288e-04 9.064289359791638870e-04 4.625426094976217836e-04 6.126137874650156370e-04 5.703615405876567494e-07 1.612969113595765254e-05 9.007673703622520603e-04 3.281677206108884288e-04
8.050000000000000000e+03 8.903188007378417786e-04 2.137365463768922582e-04 7.604819949019332162e-04 1.280559102598302388e-05 6.471800844563064848e-06 1.069094709302461635e-03 3.314580807241513999e-04 8.903188007378417786e-04 2.137365463768922582e-04 7.604819949019332162e-04 1.280559102598302388e-05 6.471800844563064848e-06 1.069094709302461635e-03 3.314580807241513999e-04
8.400000000000000000e+03 9.188741226228151933e-04 5.185995480096764962e-04 1.032664145499098858e-03 4.606640501781468157e-09 9.033370039033375255e-07 8.925644091425494718e-04 3.325838685740414771e-04 9.188741226228151933e-04 5.185995480096764962e-04 1.032664145499098858e-03 4.606640501781468157e-09 9.033370039033375255e-07 8.925644091425494718e-04 3.325838685740414771e-04
8.750000000000000000e+03 8.934564579957099796e-04 2.261254022583748108e-04 7.161423284120668710e-04 3.080792475947929526e-06 3.795091192447103496e-06 9.282747980726891888e-04 3.058508326704066182e-04 8.934564579957099796e-04 2.261254022583748108e-04 7.161423284120668710e-04 3.080792475947929526e-06 3.795091192447103496e-06 9.282747980726891888e-04 3.058508326704066182e-04
9.100000000000000000e+03 3.371911586096446121e-03 4.071946889811381594e-03 1.291427007964405377e-02 1.891026796074949949e-05 9.801571396711106495e-06 4.072126807959721394e-03 6.630851440014771253e-03 3.371911586096446121e-03 4.071946889811381594e-03 1.291427007964405377e-02 1.891026796074949949e-05 9.801571396711106495e-06 4.072126807959721394e-03 6.630851440014771253e-03
9.450000000000000000e+03 1.651014317369454412e-03 3.257581814574540477e-03 1.170974372757511983e-02 6.932834293453511311e-07 3.563156994613761274e-05 1.889261554472927793e-03 3.200810313410224102e-03 1.651014317369454412e-03 3.257581814574540477e-03 1.170974372757511983e-02 6.932834293453511311e-07 3.563156994613761274e-05 1.889261554472927793e-03 3.200810313410224102e-03
9.800000000000000000e+03 1.655093104576555157e-03 3.080855993264108514e-03 1.141117048815526967e-02 6.982729874228445658e-07 3.054589849919425579e-05 1.734723074455872321e-03 2.760237182279163138e-03 1.655093104576555157e-03 3.080855993264108514e-03 1.141117048815526967e-02 6.982729874228445658e-07 3.054589849919425579e-05 1.734723074455872321e-03 2.760237182279163138e-03
1.015000000000000000e+04 1.635547840900809704e-03 2.963244131822776080e-03 1.118902768558331998e-02 7.500194212315341857e-07 2.651093772581667962e-05 1.623208980655296667e-03 2.398322930652681696e-03 1.635547840900809704e-03 2.963244131822776080e-03 1.118902768558331998e-02 7.500194212315341857e-07 2.651093772581667962e-05 1.623208980655296667e-03 2.398322930652681696e-03
1.050000000000000000e+04 1.609276175698507155e-03 2.860423021520632023e-03 1.095528271176884547e-02 7.512716287547398198e-07 2.330795941390428509e-05 1.535451442332094090e-03 2.108504403623053143e-03 1.609276175698507155e-03 2.860423021520632023e-03 1.095528271176884547e-02 7.512716287547398198e-07 2.330795941390428509e-05 1.535451442332094090e-03 2.108504403623053143e-03
1.085000000000000000e+04 1.568963061453471043e-03 2.760875676432025718e-03 1.068702408894985599e-02 7.133010777647714407e-07 2.080746964051252378e-05 1.467499837569859536e-03 1.871110348997674340e-03 1.568963061453471043e-03 2.760875676432025718e-03 1.068702408894985599e-02 7.133010777647714407e-07 2.080746964051252378e-05 1.467499837569859536e-03 1.871110348997674340e-03
1.120000000000000000e+04 1.521287745421039854e-03 2.657742945911409794e-03 1.036768680588395948e-02 6.599364276507686648e-07 1.880484197010370598e-05 1.411700250139167299e-03 1.676015468657712565e-03 1.521287745421039854e-03 2.657742945911409794e-03 1.036768680588395948e-02 6.599364276507686648e-07 1.880484197010370598e-05 1.411700250139167299e-03 1.676015468657712565e-03
1.155000000000000000e+04 1.478255017394275190e-03 2.545577391660026282e-03 9.982451499339416862e-03 6.178804094953916919e-07 1.724600967996343199e-05 1.361580310736573230e-03 1.523147443620656571e-03 1.478255017394275190e-03 2.545577391660026282e-03 9.982451499339416862e-03 6.178804094953916919e-07 1.724600967996343199e-05 1.361580310736573230e-03 1.523147443620656571e-03
1.190000000000000000e+04 1.439801799929051702e-03 2.423571445671404961e-03 9.538186744513814028e-03 6.016362618055213667e-07 1.601331070520964556e-05 1.312581137922839980e-03 1.396862200775174714e-03 1.439801799929051702e-03 2.423571445671404961e-03 9.538186744513814028e-03 6.016362618055213667e-07 1.601331070520964556e-05 1.312581137922839980e-03 1.396862200775174714e-03
1.225000000000000000e+04 1.401932338406692256e-03 2.284390701367375494e-03 9.056001779224160178e-03 6.061348631630599307e-07 1.491619560005195079e-05 1.262114396862103020e-03 1.283807471632005892e-03 1.401932338406692256e-03 2.284390701367375494e-03 9.056001779224160178e-03 6.061348631630599307e-07 1.491619560005195079e-05 1.262114396862103020e-03 1.283807471632005892e-03
1.260000000000000000e+04 1.363016277635419743e-03 2.158293857194873606e-03 8.514806980030674433e-03 6.182563420031909822e-07 1.401156859355171123e-05 1.211882064767387480e-03 1.179667398458524117e-03 1.363016277635419743e-03 2.158293857194873606e-03 8.514806980030674433e-03 6.182563420031909822e-07 1.401156859355171123e-05 1.211882064767387480e-03 1.179667398458524117e-03
1.295000000000000000e+04 1.319984762280904588e-03 2.019330280342911382e-03 7.944336519320513434e-03 6.366911309003080260e-07 1.316898093021322498e-05 1.165641060903718296e-03 1.085269186157481391e-03 1.319984762280904588e-03 2.019330280342911382e-03 7.944336519320513434e-03 6.366911309003080260e-07 1.316898093021322498e-05 1.165641060903718296e-03 1.085269186157481391e-03
1.330000000000000000e+04 1.264707995969288493e-03 1.860537516497496680e-03 7.353848893597251385e-03 1.100625709393149238e-05 1.224206470605282155e-05 1.231016257004200181e-03 1.005994062353524759e-03 1.264707995969288493e-03 1.860537516497496680e-03 7.353848893597251385e-03 1.100625709393149238e-05 1.224206470605282155e-05 1.231016257004200181e-03 1.005994062353524759e-03
1.365000000000000000e+04 1.224396539848426587e-03 1.734972781518361300e-03 6.735968016834625004e-03 6.938072799454871533e-07 1.152652050073796213e-05 1.070628863482303789e-03 9.331437746010098466e-04 1.224396539848426587e-03 1.734972781518361300e-03 6.735968016834625004e-03 6.938072799454871533e-07 1.152652050073796213e-05 1.070628863482303789e-03 9.331437746010098466e-04
1.400000000000000000e+04 1.173093545916037688e-03 1.594584709632066669e-03 6.110283878089860579e-03 7.315812058120831178e-07 1.098394914339514178e-05 1.034692161727452861e-03 8.789683131398820168e-04 1.173093545916037688e-03 1.594584709632066669e-03 6.110283878089860579e-03 7.315812058120831178e-07 1.098394914339514178e-05 1.034692161727452861e-03 8.789683131398820168e-04
1.435000000000000000e+04 1.125557202812278593e-03 1.463779904987586511e-03 5.501515915096364361e-03 7.760348683293215639e-07 1.025853910947643359e-05 9.869532318767255518e-04 8.440958008466846506e-04 1.125557202812278593e-03 1.463779904987586511e-03 5.501515915096364361e-03 7.760348683293215639e-07 1.025853910947643359e-05 9.869532318767255518e-04 8.440958008466846506e-04
1.470000000000000000e+04 1.059284308381984408e-03 1.322234670924649644e-03 4.858560492272253825e-03 8.379506271452871217e-07 9.764535528654221550e-06 9.429591619242185495e-04 8.276973419934058850e-04 1.059284308381984408e-03 1.322234670924649644e-03 4.858560492272253825e-03 8.379506271452871217e-07 9.764535528654221550e-06 9.429591619242185495e-04 8.276973419934058850e-04
1.505000000000000000e+04 1.106735994093645909e-03 1.010963420911702116e-03 5.166544613185828846e-03 5.820774857662213229e-08 8.464428635792648790e-06 9.581708549386637507e-04 7.890243027952689335e-04 1.106735994093645909e-03 1.010963420911702116e-03 5.166544613185828846e-03 5.820774857662213229e-08 8.464428635792648790e-06 9.581708549386637507e-04 7.890243027952689335e-04
1.540000000000000000e+04 1.089767564970211839e-03 7.506231180148994608e-04 5.572849743989297631e-03 1.071295949550395696e-06 5.286928740601296629e-06 9.986074042822663983e-04 7.970858801378616831e-04 1.089767564970211839e-03 7.506231180148994608e-04 5.572849743989297631e-03 1.071295949550395696e-06 5.286928740601296629e-06 9.986074042822663983e-04 7.970858801378616831e-04
1.575000000000000000e+04 1.047396995724416248e-03 2.429203870851195414e-03 4.094800426868670622e-03 3.089473140310984291e-05 2.005532682461374903e-05 1.141179678191038462e-03 7.489706654657474552e-04 1.047396995724416248e-03 2.429203870851195414e-03 4.094800426868670622e-03 3.089473140310984291e-05 2.005532682461374903e-05 1.141179678191038462e-03 7.489706654657474552e-04
1.610000000000000000e+04 1.074642075936922117e-03 1.822175981193611483e-03 4.428238213054290495e-03 3.044651494367549892e-05 1.708382903948089682e-05 1.085882341599408952e-03 7.294318503949718917e-04 1.074642075936922117e-03 1.822175981193611483e-03 4.428238213054290495e-03 3.044651494367549892e-05 1.708382903948089682e-05 1.085882341599408952e-03 7.294318503949718917e-04
1.645000000000000000e+04 1.032645069559156616e-03 4.737575026395613072e-03 3.412314778964371798e-03 2.788539286860025311e-05 5.225649634493601339e-05 1.079245801096006315e-03 7.377202734147220468e-04 1.032645069559156616e-03 4.737575026395613072e-03 3.412314778964371798e-03 2.788539286860025311e-05 5.225649634493601339e-05 1.079245801096006315e-03 7.377202734147220468e-04
1.680000000000000000e+04 1.082215830618298187e-03 9.491191049161699402e-04 5.279558818602061304e-03 1.116882962021858785e-05 3.928921696172550475e-06 9.615874706725405143e-04 7.185978639283896203e-04 1.082215830618298187e-03 9.491191049161699402e-04 5.279558818602061304e-03 1.116882962021858785e-05 3.928921696172550475e-06 9.615874706725405143e-04 7.185978639283896203e-04
1.715000000000000000e+04 1.064828482103925660e-03 2.139063636947216834e-03 4.224947798211164431e-03 7.467029285170107160e-06 2.608711086949678314e-05 9.810271498934333700e-04 7.072727534931478677e-04 1.064828482103925660e-03 2.139063636947216834e-03 4.224947798211164431e-03 7.467029285170107160e-06 2.608711086949678314e-05 9.810271498934333700e-04 7.072727534931478677e-04
1.750000000000000000e+04 1.085880786851984832e-03 1.417219647080019069e-03 4.725296678727715013e-03 1.114855601778833265e-07 8.755143010708373011e-06 9.489910822385863240e-04 6.847291511588648539e-04 1.085880786851984832e-03 1.417219647080019069e-03 4.725296678727715013e-03 1.114855601778833265e-07 8.755143010708373011e-06 9.489910822385863240e-04 6.847291511588648539e-04
1.785000000000000000e+04 1.080618024386213304e-03 8.130671320298785663e-04 5.387334265127442269e-03 1.013129053329855556e-05 1.852392348705734961e-06 9.642275883833089896e-04 6.978877365858127515e-04 1.080618024386213304e-03 8.130671320298785663e-04 5.387334265127442269e-03 1.013129053329855556e-05 1.852392348705734961e-06 9.642275883833089896e-04 6.978877365858127515e-04
1.820000000000000000e+04 1.069133613575062609e-03 1.217715966683165013e-03 4.894782889745427808e-03 8.434860985243282420e-07 4.863307001330501215e-06 9.650652850971656871e-04 6.611059651762663230e-04 1.069133613575062609e-03 1.217715966683165013e-03 4.894782889745427808e-03 8.434860985243282420e-07 4.863307001330501215e-06 9.650652850971656871e-04 6.611059651762663230e-04
1.855000000000000000e+04 1.054487172641796911e-03 9.741047778400684478e-04 5.117483466120714003e-03 5.410059855085552028e-05 6.699323839402273034e-06 1.114609441314945220e-03 6.594853185664494976e-04 1.054487172641796911e-03 9.741047778400684478e-04 5.117483466120714003e-03 5.410059855085552028e-05 6.699323839402273034e-06 1.114609441314945220e-03 6.594853185664494976e-04
1.890000000000000000e+04 1.065151689401092061e-03 9.262227907907191315e-04 5.210189482628458518e-03 1.204180283771710706e-05 6.859195024873849652e-07 9.745911344011836709e-04 6.454369975603161357e-04 1.065151689401092061e-03 9.262227907907191315e-04 5.210189482628458518e-03 1.204180283771710706e-05 6.859195024873849652e-07 9.745911344011836709e-04 6.454369975603161357e-04
1.925000000000000000e+04 1.084476195084238927e-03 7.908894299094747964e-04 5.380614678798686240e-03 2.419882424279772370e-05 1.211482931150842364e-06 9.789757007873786318e-04 6.239243224862066686e-04 1.084476195084238927e-03 7.908894299094747964e-04 5.380614678798686240e-03 2.419882424279772370e-05 1.211482931150842364e-06 9.789757007873786318e-04 6.239243224862066686e-04
1.960000000000000000e+04 1.068514654384972217e-03 2.185165248643047755e-03 4.223723498775145725e-03 3.154277969319796909e-05 4.344833473466828229e-05 1.020280506567896282e-03 5.763746627176174857e-04 1.068514654384972217e-03 2.185165248643047755e-03 4.223723498775145725e-03 3.154277969319796909e-05 4.344833473466828229e-05 1.020280506567896282e-03 5.763746627176174857e-04
1.995000000000000000e+04 1.066183545391509576e-03 1.308621453441897141e-03 4.800606887745861862e-03 1.254384813270871054e-05 6.900477565459585759e-06 9.513422611518232430e-04 5.632361685670328900e-04 1.066183545391509576e-03 1.308621453441897141e-03 4.800606887745861862e-03 1.254384813270871054e-05 6.900477565459585759e-06 9.513422611518232430e-04 5.632361685670328900e-04
2.030000000000000000e+04 1.083827384175243581e-03 2.136901719470379619e-03 4.291637166695468249e-03 6.083576782424549990e-07 2.455656954304619529e-05 8.970955515345255043e-04 5.488709651407259332e-04 1.083827384175243581e-03 2.136901719470379619e-03 4.291637166695468249e-03 6.083576782424549990e-07 2.455656954304619529e-05 8.970955515345255043e-04 5.488709651407259332e-04
2.065000000000000000e+04 1.109303364396613647e-03 2.800786946626512841e-03 4.000533446535853993e-03 6.161470891906596064e-06 2.881350283482064643e-05 9.161324952572291649e-04 5.326957663799839100e-04 1.109303364396613647e-03 2.800786946626512841e-03 4.000533446535853993e-03 6.161470891906596064e-06 2.881350283482064643e-05 9.161324952572291649e-04 5.326957663799839100e-04
2.100000000000000000e+04 1.053618698325735868e-03 6.887098815059059442e-04 5.466699756633456621e-03 2.817649688333020454e-08 5.849329495646363592e-08 9.513254195790148051e-04 5.426042460587791709e-04 1.053618698325735868e-03 6.887098815059059442e-04 5.466699756633456621e-03 2.817649688333020454e-08 5.849329495646363592e-08 9.513254195790148051e-04 5.426042460587791709e-04
2.135000000000000000e+04 1.048623765147369338e-03 1.435143615664444608e-03 4.636151595699813076e-03 2.525460890716782583e-06 3.350777500275746787e-06 9.549066947241327628e-04 5.352740765428131830e-04 1.048623765147369338e-03 1.435143615664444608e-03 4.636151595699813076e-03 2.525460890716782583e-06 3.350777500275746787e-06 9.549066947241327628e-04 5.352740765428131830e-04
2.170000000000000000e+04 1.052389926822293103e-03 2.073830175702384530e-03 4.298891138981432263e-03 1.287360537263406333e-06 2.158566769590706565e-05 9.111949890330644760e-04 5.039392445536416748e-04 1.052389926822293103e-03 2.073830175702384530e-03 4.298891138981432263e-03 1.287360537263406333e-06 2.158566769590706565e-05 9.111949890330644760e-04 5.039392445536416748e-04
2.205000000000000000e+04 1.054453338891166983e-03 5.825613482989115167e-04 5.570273313136153877e-03 9.906414558213795412e-08 5.907353035720364641e-08 9.447868596074964886e-04 5.191413103272876119e-04 1.054453338891166983e-03 5.825613482989115167e-04 5.570273313136153877e-03 9.906414558213795412e-08 5.907353035720364641e-08 9.447868596074964886e-04 5.191413103272876119e-04
2.240000000000000000e+04 1.079663665083592820e-03 4.219101013200409573e-04 5.851557730856250805e-03 3.037100750909339022e-08 1.727456259175002956e-06 9.342275253556783787e-04 5.304236655445714130e-04 1.079663665083592820e-03 4.219101013200409573e-04 5.851557730856250805e-03 3.037100750909339022e-08 1.727456259175002956e-06 9.342275253556783787e-04 5.304236655445714130e-04
2.275000000000000000e+04 1.032001987984390535e-03 1.091315670768532985e-03 4.908047632345475045e-03 2.379374042595078446e-06 6.794891154170776920e-06 9.734516342348434239e-04 4.945966737495892471e-04 1.032001987984390535e-03 1.091315670768532985e-03 4.908047632345475045e-03 2.379374042595078446e-06 6.794891154170776920e-06 9.734516342348434239e-04 4.945966737495892471e-04
2.310000000000000000e+04 1.073147460539548110e-03 6.726333124307358599e-04 5.405049038582501221e-03 7.707995931525270222e-07 2.075815123067245753e-08 9.217513645287616188e-04 4.801928635122721029e-04 1.073147460539548110e-03 6.726333124307358599e-04 5.405049038582501221e-03 7.707995931525270222e-07 2.075815123067245753e-08 9.217513645287616188e-04 4.801928635122721029e-04
2.345000000000000000e+04 1.039121904512195233e-03 1.098057936746410848e-03 4.896545691954252121e-03 1.715839306244798783e-07 1.069772371331914256e-06 9.521895706310437059e-04 4.653164988822398418e-04 1.039121904512195233e-03 1.098057936746410848e-03 4.896545691954252121e-03 1.715839306244798783e-07 1.069772371331914256e-06 9.521895706310437059e-04 4.653164988822398418e-04
2.380000000000000000e+04 1.080295529620836983e-03 3.428981723766513193e-04 7.192668599143452884e-03 4.033360841305164390e-05 1.360278199766411559e-05 1.277707038355008944e-03 6.416366845284864192e-04 1.080295529620836983e-03 3.428981723766513193e-04 7.192668599143452884e-03 4.033360841305164390e-05 1.360278199766411559e-05 1.277707038355008944e-03 6.416366845284864192e-04
2.415000000000000000e+04 1.059700123627550046e-03 1.564013194244017737e-03 4.633516175345469765e-03 2.424638360466596640e-07 6.124601646271152721e-05 9.648658154201010962e-04 4.328208305951490760e-04 1.059700123627550046e-03 1.564013194244017737e-03 4.633516175345469765e-03 2.424638360466596640e-07 6.124601646271152721e-05 9.648658154201010962e-04 4.328208305951490760e-04
2.450000000000000000e+04 1.044967922508634531e-03 3.468224405678916244e-04 6.013658280415962870e-03 1.645096926199389481e-05 4.993473222633861205e-07 9.921665118963838431e-04 4.784821308170771862e-04 1.044967922508634531e-03 3.468224405678916244e-04 6.013658280415962870e-03 1.645096926199389481e-05 4.993473222633861205e-07 9.921665118963838431e-04 4.784821308170771862e-04
2.485000000000000000e+04 1.052951856649343362e-03 1.044295433795411473e-03 4.950468416618458017e-03 5.935816281911180307e-07 5.537454550282282423e-07 9.284964005028438971e-04 4.286540020053259108e-04 1.052951856649343362e-03 1.044295433795411473e-03 4.950468416618458017e-03 5.935816281911180307e-07 5.537454550282282423e-07 9.284964005028438971e-04 4.286540020053259108e-04
2.520000000000000000e+04 1.060259548203638762e-03 8.230005444781149935e-04 5.174807985458685158e-03 3.589866379041102000e-07 3.549421096749497349e-07 9.149141847690365125e-04 4.560715373372294036e-04 1.060259548203638762e-03 8.230005444781149935e-04 5.174807985458685158e-03 3.589866379041102000e-07 3.549421096749497349e-07 9.149141847690365125e-04 4.560715373372294036e-04
2.555000000000000000e+04 1.061528823905205947e-03 1.005533451690578898e-03 4.943776780419041443e-03 4.946840304662115804e-06 1.267917396794630901e-07 9.787661310910954985e-04 4.839028978176855697e-04 1.061528823905205947e-03 1.005533451690578898e-03 4.943776780419041443e-03 4.946840304662115804e-06 1.267917396794630901e-07 9.787661310910954985e-04 4.839028978176855697e-04
2.590000000000000000e+04 1.074238638592357308e-03 7.505528895178850560e-04 5.282368591448025064e-03 4.959005616637280821e-06 1.196541078859013843e-06 9.310969214360216312e-04 4.621913696662270795e-04 1.074238638592357308e-03 7.505528895178850560e-04 5.282368591448025064e-03 4.959005616637280821e-06 1.196541078859013843e-06 9.310969214360216312e-04 4.621913696662270795e-04
2.625000000000000000e+04 1.040225392607209420e-03 9.462346148847894682e-04 5.056217427841345688e-03 1.601299888542947738e-06 3.791139710524729134e-07 9.426083364284698791e-04 4.208993870113161384e-04 1.040225392607209420e-03 9.462346148847894682e-04 5.056217427841345688e-03 1.601299888542947738e-06 3.791139710524729134e-07 9.426083364284698791e-04 4.208993870113161384e-04
2.660000000000000000e+04 1.058643686552653874e-03 6.611846234577880991e-04 5.400567953377703387e-03 5.879704634656532547e-08 5.529793922271010051e-07 9.021007959516550356e-04 4.341764414176001023e-04 1.058643686552653874e-03 6.611846234577880991e-04 5.400567953377703387e-03 5.879704634656532547e-08 5.529793922271010051e-07 9.021007959516550356e-04 4.341764414176001023e-04
2.695000000000000000e+04 1.048848178185545540e-03 1.430737276076108656e-03 4.573801210331720525e-03 2.397145703475831212e-07 1.011711723775730192e-06 9.545338796970437561e-04 4.214544568523463522e-04 1.048848178185545540e-03 1.430737276076108656e-03 4.573801210331720525e-03 2.397145703475831212e-07 1.011711723775730192e-06 9.545338796970437561e-04 4.214544568523463522e-04
2.730000000000000000e+04 1.120342886241278363e-03 2.036070433600427332e-03 4.166864612680932188e-03 9.830266001884553117e-08 1.763042367924740438e-07 9.017131374241637957e-04 4.181721080153206127e-04 1.120342886241278363e-03 2.036070433600427332e-03 4.166864612680932188e-03 9.830266001884553117e-08 1.763042367924740438e-07 9.017131374241637957e-04 4.181721080153206127e-04
2.765000000000000000e+04 1.036342828032754118e-03 4.101840183779213787e-04 5.835194930750100401e-03 5.020026538975588034e-05 4.363723116225958462e-07 1.190961502527930439e-03 4.127594647444213422e-04 1.036342828032754118e-03 4.101840183779213787e-04 5.835194930750100401e-03 5.020026538975588034e-05 4.363723116225958462e-07 1.190961502527930439e-03 4.127594647444213422e-04
2.800000000000000000e+04 1.055430898162781342e-03 9.361475548383010837e-04 4.987251283262302340e-03 1.162900285172128353e-05 1.704184763755977988e-06 9.807385006501442674e-04 4.138004145825302277e-04 1.055430898162781342e-03 9.361475548383010837e-04 4.987251283262302340e-03 1.162900285172128353e-05 1.704184763755977988e-06 9.807385006501442674e-04 4.138004145825302277e-04
2.835000000000000000e+04 1.022397725098672487e-03 7.673205525392857475e-04 5.200914016455774301e-03 1.610357807126750024e-07 6.160963669233845675e-08 9.327759238421571251e-04 4.241197049992344293e-04 1.022397725098672487e-03 7.673205525392857475e-04 5.200914016455774301e-03 1.610357807126750024e-07 6.160963669233845675e-08 9.327759238421571251e-04 4.241197049992344293e-04
2.870000000000000000e+04 1.031252784954020917e-03 2.290225059367132366e-04 6.528624117437323120e-03 5.566005024252983500e-06 1.193618488331890628e-06 9.348851778638062483e-04 4.387188787855070336e-04 1.031252784954020917e-03 2.290225059367132366e-04 6.528624117437323120e-03 5.566005024252983500e-06 1.193618488331890628e-06 9.348851778638062483e-04 4.387188787855070336e-04
2.905000000000000000e+04 1.046982389555109645e-03 1.265955461746194480e-03 4.698122664094721811e-03 7.732123236236225902e-07 1.577500756953008548e-06 9.256841302546364725e-04 3.966975959378112515e-04 1.046982389555109645e-03 1.265955461746194480e-03 4.698122664094721811e-03 7.732123236236225902e-07 1.577500756953008548e-06 9.256841302546364725e-04 3.966975959378112515e-04
2.940000000000000000e+04 1.051428966190939840e-03 7.565320670314003683e-04 5.190494226511494814e-03 2.221788700294826216e-07 5.897909895532465345e-07 9.495721557757917696e-04 4.268726595408676820e-04 1.051428966190939840e-03 7.565320670314003683e-04 5.190494226511494814e-03 2.221788700294826216e-07 5.897909895532465345e-07 9.495721557757917696e-04 4.268726595408676820e-04
2.975000000000000000e+04 1.046640106860087776e-03 7.721339433110714417e-04 5.179598233704507670e-03 3.690546220499786201e-07 2.076164692257233799e-07 9.206586065933872621e-04 4.029856351440928288e-04 1.046640106860087776e-03 7.721339433110714417e-04 5.179598233704507670e-03 3.690546220499786201e-07 2.076164692257233799e-07 9.206586065933872621e-04 4.029856351440928288e-04
3.010000000000000000e+04 1.021324688115207279e-03 9.026964749016715139e-04 5.107382998394071998e-03 1.159057035282496230e-05 7.009839662368685787e-06 1.002471799916059827e-03 4.004015988123116299e-04 1.021324688115207279e-03 9.026964749016715139e-04 5.107382998394071998e-03 1.159057035282496230e-05 7.009839662368685787e-06 1.002471799916059827e-03 4.004015988123116299e-04
3.045000000000000000e+04 1.022606672663076838e-03 6.710337053785560453e-04 5.430160874490608247e-03 6.299768074849505686e-06 1.848632225658752533e-07 9.782539761895795837e-04 4.178945400521060427e-04 1.022606672663076838e-03 6.710337053785560453e-04 5.430160874490608247e-03 6.299768074849505686e-06 1.848632225658752533e-07 9.782539761895795837e-04 4.178945400521060427e-04
3.080000000000000000e+04 1.056478164573863019e-03 1.417679003501274605e-03 4.563938085673683448e-03 5.017462163421317889e-08 9.295856149991006484e-11 9.291273356425709977e-04 4.081979326358240465e-04 1.056478164573863019e-03 1.417679003501274605e-03 4.563938085673683448e-03 5.017462163421317889e-08 9.295856149991006484e-11 9.291273356425709977e-04 4.081979326358240465e-04
3.115000000000000000e+04 1.049121828821792529e-03 6.185134695724965603e-04 5.373412429086959693e-03 2.119281254191632474e-07 6.173827879004017786e-07 9.241943439437094862e-04 3.950498901971961950e-04 1.049121828821792529e-03 6.185134695724965603e-04 5.373412429086959693e-03 2.119281254191632474e-07 6.173827879004017786e-07 9.241943439437094862e-04 3.950498901971961950e-04
3.150000000000000000e+04 1.024859751240149441e-03 1.133736894655664211e-03 4.866952500165310121e-03 4.169307594772011514e-06 1.507752337898271021e-06 9.120401579467481579e-04 3.905423319871953458e-04 1.024859751240149441e-03 1.133736894655664211e-03 4.866952500165310121e-03 4.169307594772011514e-06 1.507752337898271021e-06 9.120401579467481579e-04 3.905423319871953458e-04
3.185000000000000000e+04 1.031663176676576952e-03 9.025715469982571433e-04 5.026914588147648154e-03 1.838285290339342144e-07 4.635894761067861211e-07 9.230549532247710100e-04 3.964261191429221064e-04 1.031663176676576952e-03 9.025715469982571433e-04 5.026914588147648154e-03 1.838285290339342144e-07 4.635894761067861211e-07 9.230549532247710100e-04 3.964261191429221064e-04
3.220000000000000000e+04 1.021319865209065984e-03 2.041901149377289230e-03 4.250087883446882105e-03 8.132367586238714637e-07 3.701763559555772960e-06 9.399007229540473456e-04 3.931991631617811245e-04 1.021319865209065984e-03 2.041901149377289230e-03 4.250087883446882105e-03 8.132367586238714637e-07 3.701763559555772960e-06 9.399007229540473456e-04 3.931991631617811245e-04
3.255000000000000000e+04 1.030639210263807528e-03 3.319849407760092335e-03 3.804105978108293911e-03 5.308764577580121257e-07 9.624036995772803363e-06 9.166804933561698400e-04 3.941610125170891136e-04 1.030639210263807528e-03 3.319849407760092335e-03 3.804105978108293911e-03 5.308764577580121257e-07 9.624036995772803363e-06 9.166804933561698400e-04 3.941610125170891136e-04
3.290000000000000000e+04 1.044029819360578005e-03 5.187254807373540503e-04 5.799305601516899049e-03 6.175190452695319461e-06 1.299901142411174685e-05 9.905398253105086523e-04 4.453394508606870546e-04 1.044029819360578005e-03 5.187254807373540503e-04 5.799305601516899049e-03 6.175190452695319461e-06 1.299901142411174685e-05 9.905398253105086523e-04 4.453394508606870546e-04
3.325000000000000000e+04 1.020788204938335520e-03 1.161086822741368933e-03 4.782379022787702078e-03 4.779971390071874087e-07 4.953710885977655480e-08 9.505692913415486091e-04 3.936698344092745593e-04 1.020788204938335520e-03 1.161086822741368933e-03 4.782379022787702078e-03 4.779971390071874087e-07 4.953710885977655480e-08 9.505692913415486091e-04 3.936698344092745593e-04
3.360000000000000000e+04 1.034790884354279752e-03 1.001465101432239988e-03 4.945622060057078447e-03 4.423978674238914802e-07 7.070524983995366836e-07 9.032130875237312506e-04 3.825858579507737493e-04 1.034790884354279752e-03 1.001465101432239988e-03 4.945622060057078447e-03 4.423978674238914802e-07 7.070524983995366836e-07 9.032130875237312506e-04 3.825858579507737493e-04
3.395000000000000000e+04 1.049675560584977223e-03 2.639174964042285444e-03 4.010649018532787963e-03 5.243667599216451827e-06 2.620965145108665077e-06 9.442527845049275169e-04 3.960262836291985299e-04 1.049675560584977223e-03 2.639174964042285444e-03 4.010649018532787963e-03 5.243667599216451827e-06 2.620965145108665077e-06 9.442527845049275169e-04 3.960262836291985299e-04
3.430000000000000000e+04 9.540188236604646476e-04 4.108789597516353622e-04 6.997679912482988179e-03 2.428630843452631233e-04 1.113535928892795409e-05 1.690075769516493579e-03 4.622965010364751739e-04 9.540188236604646476e-04 4.108789597516353622e-04 6.997679912482988179e-03 2.428630843452631233e-04 1.113535928892795409e-05 1.690075769516493579e-03 4.622965010364751739e-04
3.465000000000000000e+04 1.036219954356500409e-03 8.597713260116769153e-04 5.079157465485149500e-03 7.527244366569611139e-07 5.201291258411554801e-07 9.165631798435775433e-04 4.092805482199578042e-04 1.036219954356500409e-03 8.597713260116769153e-04 5.079157465485149500e-03 7.527244366569611139e-07 5.201291258411554801e-07 9.165631798435775433e-04 4.092805482199578042e-04
3.500000000000000000e+04 1.059010910626923029e-03 5.831269234565123220e-04 5.444208593839681282e-03 3.065307574679275483e-07 7.201997177131009805e-07 9.261941914247618680e-04 4.068162798945987118e-04 1.059010910626923029e-03 5.831269234565123220e-04 5.444208593839681282e-03 3.065307574679275483e-07 7.201997177131009805e-07 9.261941914247618680e-04 4.068162798945987118e-04
