# step, loss_train, loss_test, metrics_test
0.000000000000000000e+00 3.727027026559601684e-03 1.101495880194882553e-03 1.155158404716777332e-03 2.822203085450183946e-03 1.932100000000000219e-12 1.632160000000000105e-11 1.512900000000000276e-10 1.260250000000000068e-09 7.171078445576033467e-01 5.548095461194385569e-01 9.968553308546674874e-01 4.406330605874391182e-01 3.727027026559601684e-03 1.101495880194882553e-03 1.155158404716777332e-03 2.822203085450183946e-03 1.932100000000000219e-12 1.632160000000000105e-11 1.512900000000000276e-10 1.260250000000000068e-09 7.171078445576033467e-01 5.548095461194385569e-01 9.968553308546674874e-01 4.406330605874391182e-01
3.500000000000000000e+02 1.273065313928193861e-03 5.686246477303880283e-03 2.335846934353842663e-02 4.578479809244417886e-02 3.850656074371406204e-07 2.525166701014236714e-06 2.977005530687280486e-04 2.614110939565450400e-03 3.042632967266661707e-03 2.744345673915671129e-03 1.462216041534311443e-02 1.590151462798202950e-02 1.273065313928193861e-03 5.686246477303880283e-03 2.335846934353842663e-02 4.578479809244417886e-02 3.850656074371406204e-07 2.525166701014236714e-06 2.977005530687280486e-04 2.614110939565450400e-03 3.042632967266661707e-03 2.744345673915671129e-03 1.462216041534311443e-02 1.590151462798202950e-02
7.000000000000000000e+02 1.164337841354377108e-03 4.381059168748712568e-03 1.990200885447568693e-02 5.092259683379517926e-02 6.061863574057790451e-07 1.228397864972599701e-06 2.574074420726345995e-04 2.658761242520074706e-03 2.500891082523539963e-03 1.953834468723704160e-03 1.185865914644640591e-02 1.513867068969644222e-02 1.164337841354377108e-03 4.381059168748712568e-03 1.990200885447568693e-02 5.092259683379517926e-02 6.061863574057790451e-07 1.228397864972599701e-06 2.574074420726345995e-04 2.658761242520074706e-03 2.500891082523539963e-03 1.953834468723704160e-03 1.185865914644640591e-02 1.513867068969644222e-02
1.050000000000000000e+03 1.231000191608552048e-03 3.887327544679752139e-03 1.749882045333884042e-02 5.089929631000571220e-02 1.878305682172714281e-05 2.658472646332408046e-06 3.528040307959613405e-04 2.967195623844994922e-03 5.517801460048064009e-03 2.340308266807825544e-03 1.080635830790023511e-02 1.783888187926219518e-02 1.231000191608552048e-03 3.887327544679752139e-03 1.749882045333884042e-02 5.089929631000571220e-02 1.878305682172714281e-05 2.658472646332408046e-06 3.528040307959613405e-04 2.967195623844994922e-03 5.517801460048064009e-03 2.340308266807825544e-03 1.080635830790023511e-02 1.783888187926219518e-02
1.400000000000000000e+03 1.070448377868679374e-03 3.954376247298739544e-03 1.782708405152848979e-02 5.432128169409499580e-02 5.854667331853755644e-07 2.582236818074347964e-07 2.795869206659072972e-04 2.705651379358380102e-03 2.220931671416682875e-03 1.602003536301064819e-03 8.981563526090386232e-03 1.494561636521987182e-02 1.070448377868679374e-03 3.954376247298739544e-03 1.782708405152848979e-02 5.432128169409499580e-02 5.854667331853755644e-07 2.582236818074347964e-07 2.795869206659072972e-04 2.705651379358380102e-03 2.220931671416682875e-03 1.602003536301064819e-03 8.981563526090386232e-03 1.494561636521987182e-02
1.750000000000000000e+03 1.124303137707170644e-03 3.828866297956807878e-03 1.749834791929090819e-02 5.466299015722051596e-02 4.155804584410446956e-07 2.871361843805055602e-07 2.640734828496624654e-04 2.721543405213288584e-03 2.018817907333503910e-03 1.597249643163513571e-03 8.782383811068172202e-03 1.515720964672305840e-02 1.124303137707170644e-03 3.828866297956807878e-03 1.749834791929090819e-02 5.466299015722051596e-02 4.155804584410446956e-07 2.871361843805055602e-07 2.640734828496624654e-04 2.721543405213288584e-03 2.018817907333503910e-03 1.597249643163513571e-03 8.782383811068172202e-03 1.515720964672305840e-02
2.100000000000000000e+03 1.183240045688674098e-03 3.825768499456771304e-03 1.730309871845413239e-02 5.490298720208892924e-02 4.040324730911884135e-07 3.137153734169117642e-07 2.603535704605407903e-04 2.716287574062844525e-03 1.854774621739853184e-03 1.584265723810552792e-03 8.728536128399376481e-03 1.517865212090327778e-02 1.183240045688674098e-03 3.825768499456771304e-03 1.730309871845413239e-02 5.490298720208892924e-02 4.040324730911884135e-07 3.137153734169117642e-07 2.603535704605407903e-04 2.716287574062844525e-03 1.854774621739853184e-03 1.584265723810552792e-03 8.728536128399376481e-03 1.517865212090327778e-02
2.450000000000000000e+03 1.227205094696281942e-03 3.880801344278631340e-03 1.719350773933290763e-02 5.500493498049968677e-02 4.233123101633777384e-07 3.609516671675127543e-07 2.589542052942088121e-04 2.712439927706778667e-03 1.735541769302152964e-03 1.572118032892099370e-03 8.686869214522155089e-03 1.519452594846584965e-02 1.227205094696281942e-03 3.880801344278631340e-03 1.719350773933290763e-02 5.500493498049968677e-02 4.233123101633777384e-07 3.609516671675127543e-07 2.589542052942088121e-04 2.712439927706778667e-03 1.735541769302152964e-03 1.572118032892099370e-03 8.686869214522155089e-03 1.519452594846584965e-02
2.800000000000000000e+03 1.278319627549788593e-03 3.791584560743299637e-03 1.704178767769341796e-02 5.523675886399230517e-02 1.752237826800707472e-07 5.732924612526745346e-07 2.555699277099352179e-04 2.701802980362327019e-03 1.611605651484335124e-03 1.581673680914089022e-03 8.691183046716859442e-03 1.524198220108340107e-02 1.278319627549788593e-03 3.791584560743299637e-03 1.704178767769341796e-02 5.523675886399230517e-02 1.752237826800707472e-07 5.732924612526745346e-07 2.555699277099352179e-04 2.701802980362327019e-03 1.611605651484335124e-03 1.581673680914089022e-03 8.691183046716859442e-03 1.524198220108340107e-02
3.150000000000000000e+03 1.303588632176044641e-03 3.840823452466250818e-03 1.707865259792743645e-02 5.522233219645128477e-02 4.324457930536120737e-07 3.164360045203943350e-07 2.545162223691150791e-04 2.706690318876198761e-03 1.533246591589694161e-03 1.551308025691576845e-03 8.664865623745741582e-03 1.523054537534107751e-02 1.303588632176044641e-03 3.840823452466250818e-03 1.707865259792743645e-02 5.522233219645128477e-02 4.324457930536120737e-07 3.164360045203943350e-07 2.545162223691150791e-04 2.706690318876198761e-03 1.533246591589694161e-03 1.551308025691576845e-03 8.664865623745741582e-03 1.523054537534107751e-02
3.500000000000000000e+03 1.337558038110698818e-03 3.820483749930134870e-03 1.698535472603840066e-02 5.534174074463633908e-02 3.850617012567793197e-07 3.575407071183472658e-07 2.530749687989440047e-04 2.703645046440424603e-03 1.464855653603920052e-03 1.556826188936508235e-03 8.645514593841602605e-03 1.525638485760148766e-02 1.337558038110698818e-03 3.820483749930134870e-03 1.698535472603840066e-02 5.534174074463633908e-02 3.850617012567793197e-07 3.575407071183472658e-07 2.530749687989440047e-04 2.703645046440424603e-03 1.464855653603920052e-03 1.556826188936508235e-03 8.645514593841602605e-03 1.525638485760148766e-02
3.850000000000000000e+03 1.351470011524789168e-03 3.841402085797550759e-03 1.694717903481759297e-02 5.538311224951999318e-02 4.307759019862683857e-07 3.101283256330296468e-07 2.538032910059102691e-04 2.699759612487474727e-03 1.427194935077846219e-03 1.555540570530833302e-03 8.637872901176396959e-03 1.524380014939616911e-02 1.351470011524789168e-03 3.841402085797550759e-03 1.694717903481759297e-02 5.538311224951999318e-02 4.307759019862683857e-07 3.101283256330296468e-07 2.538032910059102691e-04 2.699759612487474727e-03 1.427194935077846219e-03 1.555540570530833302e-03 8.637872901176396959e-03 1.524380014939616911e-02
4.200000000000000000e+03 1.364907869487969527e-03 3.852877916682725598e-03 1.698849053146606405e-02 5.534882763437105890e-02 4.620694305250464530e-07 2.552758286229300527e-07 2.518088763980639959e-04 2.700826312335529323e-03 1.392670971484462686e-03 1.554133035651185206e-03 8.613361099079638525e-03 1.525013756256428550e-02 1.364907869487969527e-03 3.852877916682725598e-03 1.698849053146606405e-02 5.534882763437105890e-02 4.620694305250464530e-07 2.552758286229300527e-07 2.518088763980639959e-04 2.700826312335529323e-03 1.392670971484462686e-03 1.554133035651185206e-03 8.613361099079638525e-03 1.525013756256428550e-02
4.550000000000000000e+03 1.369510446877923119e-03 3.957483081489298303e-03 1.806608792936401434e-02 5.236647877119331163e-02 1.514809942350757771e-06 7.799864926867251776e-08 2.384809506266182021e-04 3.063397548491767885e-03 1.396382526438035791e-03 1.510450444300713395e-03 8.530176561339223792e-03 1.757083391156863059e-02 1.369510446877923119e-03 3.957483081489298303e-03 1.806608792936401434e-02 5.236647877119331163e-02 1.514809942350757771e-06 7.799864926867251776e-08 2.384809506266182021e-04 3.063397548491767885e-03 1.396382526438035791e-03 1.510450444300713395e-03 8.530176561339223792e-03 1.757083391156863059e-02
4.900000000000000000e+03 1.373389032566996659e-03 3.658691663977910354e-03 2.181943709030644690e-02 5.036707683421454140e-02 2.436060391548050747e-05 1.839244914815078400e-06 1.225962933739395519e-04 3.359542856503013996e-03 2.448131934223573159e-03 1.549188524941827808e-03 8.188730249360067284e-03 1.867626373265829712e-02 1.373389032566996659e-03 3.658691663977910354e-03 2.181943709030644690e-02 5.036707683421454140e-02 2.436060391548050747e-05 1.839244914815078400e-06 1.225962933739395519e-04 3.359542856503013996e-03 2.448131934223573159e-03 1.549188524941827808e-03 8.188730249360067284e-03 1.867626373265829712e-02
5.250000000000000000e+03 1.443966409572213037e-03 3.805023739120433953e-03 1.739394425256059196e-02 5.509621119116143995e-02 1.083332592916964549e-06 2.859624901906518930e-06 2.375756214109348767e-04 2.683749334805859716e-03 1.915242752203966592e-03 1.521967248978613923e-03 8.452686627036245029e-03 1.536732212587521053e-02 1.443966409572213037e-03 3.805023739120433953e-03 1.739394425256059196e-02 5.509621119116143995e-02 1.083332592916964549e-06 2.859624901906518930e-06 2.375756214109348767e-04 2.683749334805859716e-03 1.915242752203966592e-03 1.521967248978613923e-03 8.452686627036245029e-03 1.536732212587521053e-02
5.600000000000000000e+03 1.390717535782005649e-03 3.784619200061363226e-03 1.700573444531827336e-02 5.537249599360200003e-02 4.582752215279208284e-07 3.608808759420214823e-07 2.502899890880107693e-04 2.695875411635228428e-03 1.307815352715495849e-03 1.561465479942296137e-03 8.577858961817230732e-03 1.526636122095395912e-02 1.390717535782005649e-03 3.784619200061363226e-03 1.700573444531827336e-02 5.537249599360200003e-02 4.582752215279208284e-07 3.608808759420214823e-07 2.502899890880107693e-04 2.695875411635228428e-03 1.307815352715495849e-03 1.561465479942296137e-03 8.577858961817230732e-03 1.526636122095395912e-02
5.950000000000000000e+03 1.385891429390206106e-03 3.789025339352174952e-03 1.707100642348519451e-02 5.525282602721756642e-02 3.591653346993399624e-07 2.734252559998141595e-07 2.467555671123761890e-04 2.695827386673746006e-03 1.311088655887391241e-03 1.543534056425571949e-03 8.563779657438902460e-03 1.533769734802126888e-02 1.385891429390206106e-03 3.789025339352174952e-03 1.707100642348519451e-02 5.525282602721756642e-02 3.591653346993399624e-07 2.734252559998141595e-07 2.467555671123761890e-04 2.695827386673746006e-03 1.311088655887391241e-03 1.543534056425571949e-03 8.563779657438902460e-03 1.533769734802126888e-02
6.300000000000000000e+03 1.470383929750656909e-03 3.530366025548209875e-03 1.765218650370138295e-02 5.543421286896432071e-02 3.424795867059936215e-06 4.261910272419365975e-05 2.266806876850341530e-04 2.507384654777670106e-03 2.387564673727913742e-03 1.847232211486879525e-03 8.353721685002890932e-03 1.516787849934512697e-02 1.470383929750656909e-03 3.530366025548209875e-03 1.765218650370138295e-02 5.543421286896432071e-02 3.424795867059936215e-06 4.261910272419365975e-05 2.266806876850341530e-04 2.507384654777670106e-03 2.387564673727913742e-03 1.847232211486879525e-03 8.353721685002890932e-03 1.516787849934512697e-02
6.650000000000000000e+03 1.362388319400223901e-03 4.075765088238764676e-03 1.606533208554335873e-02 5.605134208427891424e-02 5.659029783998421119e-06 1.435355561031416516e-05 2.800378193040077915e-04 2.854096602223550952e-03 2.096053788423711799e-03 1.494004943098204080e-03 8.918066382674947820e-03 1.494908669613925767e-02 1.362388319400223901e-03 4.075765088238764676e-03 1.606533208554335873e-02 5.605134208427891424e-02 5.659029783998421119e-06 1.435355561031416516e-05 2.800378193040077915e-04 2.854096602223550952e-03 2.096053788423711799e-03 1.494004943098204080e-03 8.918066382674947820e-03 1.494908669613925767e-02
7.000000000000000000e+03 1.381723821807387615e-03 3.774930149138671590e-03 1.692169849019911979e-02 5.531209689001020946e-02 4.019550505487005030e-07 6.331971549374026590e-07 2.545320868496754227e-04 2.721859185516882756e-03 1.318757116367155540e-03 1.563243679375595462e-03 8.612274987283716210e-03 1.530459300392368258e-02 1.381723821807387615e-03 3.774930149138671590e-03 1.692169849019911979e-02 5.531209689001020946e-02 4.019550505487005030e-07 6.331971549374026590e-07 2.545320868496754227e-04 2.721859185516882756e-03 1.318757116367155540e-03 1.563243679375595462e-03 8.612274987283716210e-03 1.530459300392368258e-02
7.350000000000000000e+03 1.378448031876485609e-03 3.804521831584711626e-03 1.699491794790528726e-02 5.537855467196143439e-02 2.978222769938246572e-07 3.661430762259451481e-07 2.505900499607639580e-04 2.731965921373935308e-03 1.318671208914564026e-03 1.524499328100950828e-03 8.562415092862287608e-03 1.521526264816948533e-02 1.378448031876485609e-03 3.804521831584711626e-03 1.699491794790528726e-02 5.537855467196143439e-02 2.978222769938246572e-07 3.661430762259451481e-07 2.505900499607639580e-04 2.731965921373935308e-03 1.318671208914564026e-03 1.524499328100950828e-03 8.562415092862287608e-03 1.521526264816948533e-02
7.700000000000000000e+03 1.367625744298747552e-03 3.940039091667423866e-03 1.632463433612594758e-02 5.581377138977175467e-02 6.971122254040624011e-07 1.171392271243161580e-05 2.571897993375300384e-04 2.906440287800188347e-03 1.405612105484639563e-03 1.496922240858990011e-03 8.797413763568679226e-03 1.501136571183186302e-02 1.367625744298747552e-03 3.940039091667423866e-03 1.632463433612594758e-02 5.581377138977175467e-02 6.971122254040624011e-07 1.171392271243161580e-05 2.571897993375300384e-04 2.906440287800188347e-03 1.405612105484639563e-03 1.496922240858990011e-03 8.797413763568679226e-03 1.501136571183186302e-02
8.050000000000000000e+03 1.381808151440499458e-03 3.781495102420507140e-03 1.691028600134750898e-02 5.540628283053522507e-02 3.550520514421846777e-07 1.416977305789418710e-06 2.520815448257774033e-04 2.686078771260998373e-03 1.313738370456285498e-03 1.545564595960111694e-03 8.601057578977968493e-03 1.526424581363852208e-02 1.381808151440499458e-03 3.781495102420507140e-03 1.691028600134750898e-02 5.540628283053522507e-02 3.550520514421846777e-07 1.416977305789418710e-06 2.520815448257774033e-04 2.686078771260998373e-03 1.313738370456285498e-03 1.545564595960111694e-03 8.601057578977968493e-03 1.526424581363852208e-02
8.400000000000000000e+03 1.384708739380956970e-03 3.788972008574744040e-03 1.650742596367782422e-02 5.572014437835205031e-02 1.851820033273560866e-06 4.380947606302650228e-08 2.661341394902455365e-04 2.741992345658350420e-03 1.326241678018425614e-03 1.565407209547579155e-03 8.747613565928478996e-03 1.512445269234876169e-02 1.384708739380956970e-03 3.788972008574744040e-03 1.650742596367782422e-02 5.572014437835205031e-02 1.851820033273560866e-06 4.380947606302650228e-08 2.661341394902455365e-04 2.741992345658350420e-03 1.326241678018425614e-03 1.565407209547579155e-03 8.747613565928478996e-03 1.512445269234876169e-02
8.750000000000000000e+03 1.400412374469641678e-03 3.743528985545966324e-03 1.680990255665529981e-02 5.486366596139623242e-02 6.953622094850481752e-06 4.148781907272916239e-06 3.363350076439145788e-04 3.439072937426238680e-03 1.298688504934259651e-03 1.568876838694894214e-03 8.575735880128020072e-03 1.517199864332507801e-02 1.400412374469641678e-03 3.743528985545966324e-03 1.680990255665529981e-02 5.486366596139623242e-02 6.953622094850481752e-06 4.148781907272916239e-06 3.363350076439145788e-04 3.439072937426238680e-03 1.298688504934259651e-03 1.568876838694894214e-03 8.575735880128020072e-03 1.517199864332507801e-02
9.100000000000000000e+03 1.384839733889139468e-03 3.809673077314454717e-03 1.666186850989465756e-02 5.552275377572285509e-02 1.740786760487104678e-06 1.853770850118939541e-07 2.616410886106603786e-04 2.761372032084332372e-03 1.313929358721343784e-03 1.553463955179990594e-03 8.677844541288387906e-03 1.518621286778583726e-02 1.384839733889139468e-03 3.809673077314454717e-03 1.666186850989465756e-02 5.552275377572285509e-02 1.740786760487104678e-06 1.853770850118939541e-07 2.616410886106603786e-04 2.761372032084332372e-03 1.313929358721343784e-03 1.553463955179990594e-03 8.677844541288387906e-03 1.518621286778583726e-02
9.450000000000000000e+03 1.383967805678860052e-03 3.771654105444715611e-03 1.699366933171867627e-02 5.522961077036504102e-02 6.356036801293611040e-07 8.248661056231907330e-07 2.425555579943612314e-04 2.626485418375895144e-03 1.304550039834284116e-03 1.546359883654563989e-03 8.595383767135984787e-03 1.542013120637056832e-02 1.383967805678860052e-03 3.771654105444715611e-03 1.699366933171867627e-02 5.522961077036504102e-02 6.356036801293611040e-07 8.248661056231907330e-07 2.425555579943612314e-04 2.626485418375895144e-03 1.304550039834284116e-03 1.546359883654563989e-03 8.595383767135984787e-03 1.542013120637056832e-02
9.800000000000000000e+03 1.426766189060295516e-03 3.626577077819637205e-03 1.718853511929372552e-02 5.824992778799194248e-02 3.760204043832203989e-05 8.799195369599640713e-05 1.949495738921826161e-04 1.909171207789041921e-03 1.579669338216124286e-03 1.637347597633543933e-03 8.323941418373129175e-03 1.413246114499963797e-02 1.426766189060295516e-03 3.626577077819637205e-03 1.718853511929372552e-02 5.824992778799194248e-02 3.760204043832203989e-05 8.799195369599640713e-05 1.949495738921826161e-04 1.909171207789041921e-03 1.579669338216124286e-03 1.637347597633543933e-03 8.323941418373129175e-03 1.413246114499963797e-02
1.015000000000000000e+04 1.416289434919326077e-03 3.464535936349897715e-03 1.654237181152768202e-02 5.703468863655023618e-02 3.399242106749969045e-05 2.578957179580483157e-08 2.713038692253593072e-04 2.346922934143138694e-03 1.315095973114985359e-03 1.975705698319979008e-03 8.632773852257072042e-03 1.452028924247485316e-02 1.416289434919326077e-03 3.464535936349897715e-03 1.654237181152768202e-02 5.703468863655023618e-02 3.399242106749969045e-05 2.578957179580483157e-08 2.713038692253593072e-04 2.346922934143138694e-03 1.315095973114985359e-03 1.975705698319979008e-03 8.632773852257072042e-03 1.452028924247485316e-02
1.050000000000000000e+04 1.446625040718286159e-03 3.624990470565398089e-03 1.701408401703028567e-02 5.626378226099797153e-02 7.478300552941086989e-06 2.393127826934672208e-07 2.358733997677088957e-04 2.371496200769659859e-03 1.402024275532810955e-03 1.662673578970103776e-03 8.467347737214463155e-03 1.484542533434725017e-02 1.446625040718286159e-03 3.624990470565398089e-03 1.701408401703028567e-02 5.626378226099797153e-02 7.478300552941086989e-06 2.393127826934672208e-07 2.358733997677088957e-04 2.371496200769659859e-03 1.402024275532810955e-03 1.662673578970103776e-03 8.467347737214463155e-03 1.484542533434725017e-02
1.085000000000000000e+04 1.378429662134858470e-03 3.742810996615931769e-03 1.780486735837868637e-02 5.432347135351795614e-02 6.093447142651979982e-07 6.265172920362609890e-09 2.222593613147011817e-04 2.608720814948744908e-03 1.313971925486306881e-03 1.513975510857500052e-03 8.352029836712418498e-03 1.589550378342172859e-02 1.378429662134858470e-03 3.742810996615931769e-03 1.780486735837868637e-02 5.432347135351795614e-02 6.093447142651979982e-07 6.265172920362609890e-09 2.222593613147011817e-04 2.608720814948744908e-03 1.313971925486306881e-03 1.513975510857500052e-03 8.352029836712418498e-03 1.589550378342172859e-02
1.120000000000000000e+04 1.393869416981201575e-03 3.765164208608023314e-03 1.694130478937854942e-02 5.530740815638812008e-02 6.220779331439370916e-07 1.227580844056640434e-07 2.381927327162242547e-04 2.606289159517348030e-03 1.301734523522105579e-03 1.555967365737444350e-03 8.585960761396879692e-03 1.534646316394264014e-02 1.393869416981201575e-03 3.765164208608023314e-03 1.694130478937854942e-02 5.530740815638812008e-02 6.220779331439370916e-07 1.227580844056640434e-07 2.381927327162242547e-04 2.606289159517348030e-03 1.301734523522105579e-03 1.555967365737444350e-03 8.585960761396879692e-03 1.534646316394264014e-02
1.155000000000000000e+04 1.425793995910225667e-03 3.735761435242400483e-03 1.665407756733803396e-02 5.489538979937236968e-02 2.494533455453522957e-06 8.375820620330928329e-06 2.559361237967256483e-04 2.733177106616797251e-03 1.998629920896849259e-03 1.630401204648803618e-03 8.804378162459994966e-03 1.567662808286211101e-02 1.425793995910225667e-03 3.735761435242400483e-03 1.665407756733803396e-02 5.489538979937236968e-02 2.494533455453522957e-06 8.375820620330928329e-06 2.559361237967256483e-04 2.733177106616797251e-03 1.998629920896849259e-03 1.630401204648803618e-03 8.804378162459994966e-03 1.567662808286211101e-02
1.190000000000000000e+04 1.399141496655671680e-03 3.716433595806257085e-03 1.694060722856983656e-02 5.540793367676941777e-02 2.634179835174764103e-07 1.096790168324575763e-06 2.518690246893727763e-04 2.668098680445412079e-03 1.311793187504545861e-03 1.582731915919774251e-03 8.551054070850695743e-03 1.521902505429618101e-02 1.399141496655671680e-03 3.716433595806257085e-03 1.694060722856983656e-02 5.540793367676941777e-02 2.634179835174764103e-07 1.096790168324575763e-06 2.518690246893727763e-04 2.668098680445412079e-03 1.311793187504545861e-03 1.582731915919774251e-03 8.551054070850695743e-03 1.521902505429618101e-02
1.225000000000000000e+04 1.407215394605563575e-03 3.541051291179058216e-03 1.788637473299082778e-02 5.463575177542769751e-02 8.359517942300760476e-06 1.488866252589095083e-07 2.105243694369826526e-04 2.418305373178863613e-03 1.394926461893678579e-03 1.678681726081429149e-03 8.342723554997856505e-03 1.575524137024543123e-02 1.407215394605563575e-03 3.541051291179058216e-03 1.788637473299082778e-02 5.463575177542769751e-02 8.359517942300760476e-06 1.488866252589095083e-07 2.105243694369826526e-04 2.418305373178863613e-03 1.394926461893678579e-03 1.678681726081429149e-03 8.342723554997856505e-03 1.575524137024543123e-02
1.260000000000000000e+04 1.381614877095985660e-03 3.697750372206156169e-03 1.897763244853528306e-02 5.401198668855639040e-02 1.805641060120678049e-05 3.212707461391637146e-06 1.624012629469385072e-04 2.186730965474884512e-03 1.503813885748732067e-03 1.486112977286273111e-03 8.073686418532059761e-03 1.611872362459641078e-02 1.381614877095985660e-03 3.697750372206156169e-03 1.897763244853528306e-02 5.401198668855639040e-02 1.805641060120678049e-05 3.212707461391637146e-06 1.624012629469385072e-04 2.186730965474884512e-03 1.503813885748732067e-03 1.486112977286273111e-03 8.073686418532059761e-03 1.611872362459641078e-02
1.295000000000000000e+04 1.391706669474725806e-03 3.783262043375540482e-03 1.698826069007822182e-02 5.520295452112910367e-02 4.013552095437625150e-07 3.729712043873208075e-07 2.534267400621871601e-04 2.694335956023044976e-03 1.299798934092937777e-03 1.543099810854918399e-03 8.586724658069566293e-03 1.527962320974211689e-02 1.391706669474725806e-03 3.783262043375540482e-03 1.698826069007822182e-02 5.520295452112910367e-02 4.013552095437625150e-07 3.729712043873208075e-07 2.534267400621871601e-04 2.694335956023044976e-03 1.299798934092937777e-03 1.543099810854918399e-03 8.586724658069566293e-03 1.527962320974211689e-02
1.330000000000000000e+04 1.392090476505214751e-03 3.765885014665848463e-03 1.689847693164410816e-02 5.532723310623511442e-02 3.944665455580886991e-07 3.706514087113332655e-07 2.508101704220236806e-04 2.695529865360663229e-03 1.299020547516695949e-03 1.540917451689857980e-03 8.573406633762038070e-03 1.527394167925603778e-02 1.392090476505214751e-03 3.765885014665848463e-03 1.689847693164410816e-02 5.532723310623511442e-02 3.944665455580886991e-07 3.706514087113332655e-07 2.508101704220236806e-04 2.695529865360663229e-03 1.299020547516695949e-03 1.540917451689857980e-03 8.573406633762038070e-03 1.527394167925603778e-02
1.365000000000000000e+04 1.393422213618293257e-03 3.766846293187607782e-03 1.689599422642008505e-02 5.516171131673333616e-02 6.073850151351672517e-07 1.774256142615627611e-07 2.583329167908204578e-04 2.774388484617755241e-03 1.299028431187862790e-03 1.543415916555596632e-03 8.573114041641783506e-03 1.535131879418836186e-02 1.393422213618293257e-03 3.766846293187607782e-03 1.689599422642008505e-02 5.516171131673333616e-02 6.073850151351672517e-07 1.774256142615627611e-07 2.583329167908204578e-04 2.774388484617755241e-03 1.299028431187862790e-03 1.543415916555596632e-03 8.573114041641783506e-03 1.535131879418836186e-02
1.400000000000000000e+04 1.389969498690219992e-03 3.788009529449328731e-03 1.670909965729222568e-02 5.564554527956407093e-02 9.181568729173455263e-06 1.653978491167304351e-05 2.403041014178756117e-04 2.647132342200804542e-03 1.305679683440190419e-03 1.547199728046449920e-03 8.634083442914440229e-03 1.512287763163547814e-02 1.389969498690219992e-03 3.788009529449328731e-03 1.670909965729222568e-02 5.564554527956407093e-02 9.181568729173455263e-06 1.653978491167304351e-05 2.403041014178756117e-04 2.647132342200804542e-03 1.305679683440190419e-03 1.547199728046449920e-03 8.634083442914440229e-03 1.512287763163547814e-02
1.435000000000000000e+04 1.387223001904670577e-03 4.091505674998872390e-03 1.574984970834588174e-02 5.652947010619604334e-02 5.888346514211132256e-06 1.345715942659210618e-05 2.859183510495297460e-04 2.977867732202698573e-03 1.305593103349908567e-03 1.423872279753992613e-03 8.928289794376313704e-03 1.457966197098089015e-02 1.387223001904670577e-03 4.091505674998872390e-03 1.574984970834588174e-02 5.652947010619604334e-02 5.888346514211132256e-06 1.345715942659210618e-05 2.859183510495297460e-04 2.977867732202698573e-03 1.305593103349908567e-03 1.423872279753992613e-03 8.928289794376313704e-03 1.457966197098089015e-02
1.470000000000000000e+04 1.389350732308354281e-03 3.942669663932562782e-03 1.675294220831016756e-02 5.565754173269972516e-02 3.515392964428055551e-07 3.063730083358370384e-07 2.696436894425978674e-04 2.899105967618411522e-03 1.299323651850876676e-03 1.458834370537194242e-03 8.523674478994469270e-03 1.489359396438438149e-02 1.389350732308354281e-03 3.942669663932562782e-03 1.675294220831016756e-02 5.565754173269972516e-02 3.515392964428055551e-07 3.063730083358370384e-07 2.696436894425978674e-04 2.899105967618411522e-03 1.299323651850876676e-03 1.458834370537194242e-03 8.523674478994469270e-03 1.489359396438438149e-02
1.505000000000000000e+04 1.390712166988753449e-03 3.764682449432339966e-03 1.688821799418045375e-02 5.534307631274409944e-02 4.057776393836964850e-07 2.986580785777855437e-07 2.492511544037724039e-04 2.684825641420854857e-03 1.298331862519912054e-03 1.539829582045830958e-03 8.572521318758288475e-03 1.527128458525082999e-02 1.390712166988753449e-03 3.764682449432339966e-03 1.688821799418045375e-02 5.534307631274409944e-02 4.057776393836964850e-07 2.986580785777855437e-07 2.492511544037724039e-04 2.684825641420854857e-03 1.298331862519912054e-03 1.539829582045830958e-03 8.572521318758288475e-03 1.527128458525082999e-02
1.540000000000000000e+04 1.392075365282258214e-03 3.797450502855169354e-03 1.731671000985690947e-02 5.547096229465468820e-02 4.540813882684909744e-07 1.766504672492157856e-06 1.989440889864728379e-04 2.287499015288812880e-03 1.290143719909439025e-03 1.505679140426550381e-03 8.454457471117138648e-03 1.533319384613949718e-02 1.392075365282258214e-03 3.797450502855169354e-03 1.731671000985690947e-02 5.547096229465468820e-02 4.540813882684909744e-07 1.766504672492157856e-06 1.989440889864728379e-04 2.287499015288812880e-03 1.290143719909439025e-03 1.505679140426550381e-03 8.454457471117138648e-03 1.533319384613949718e-02
1.575000000000000000e+04 1.390491390393354572e-03 3.772247274422416488e-03 1.681970494132303123e-02 5.521242914387521072e-02 5.880694982345978746e-07 3.093568990453230253e-07 2.699617244903179843e-04 2.837924496386117889e-03 1.299567021969506679e-03 1.536975131875383330e-03 8.588115679827579979e-03 1.527162519313792280e-02 1.390491390393354572e-03 3.772247274422416488e-03 1.681970494132303123e-02 5.521242914387521072e-02 5.880694982345978746e-07 3.093568990453230253e-07 2.699617244903179843e-04 2.837924496386117889e-03 1.299567021969506679e-03 1.536975131875383330e-03 8.588115679827579979e-03 1.527162519313792280e-02
1.610000000000000000e+04 1.385615139511802915e-03 3.831559092091626866e-03 1.626256752685565493e-02 5.544014615574451715e-02 1.272254868384999401e-06 3.490967805629209647e-06 2.619520926134822876e-04 2.762451444327899529e-03 1.315507607645776192e-03 1.554620933452203818e-03 8.900498391330186748e-03 1.535274223588767133e-02 1.385615139511802915e-03 3.831559092091626866e-03 1.626256752685565493e-02 5.544014615574451715e-02 1.272254868384999401e-06 3.490967805629209647e-06 2.619520926134822876e-04 2.762451444327899529e-03 1.315507607645776192e-03 1.554620933452203818e-03 8.900498391330186748e-03 1.535274223588767133e-02
1.645000000000000000e+04 1.392628842498066025e-03 3.762537788400395575e-03 1.691212554928353193e-02 5.537053704162514522e-02 4.313205506450602805e-07 1.365210272052014031e-06 2.428110072734671239e-04 2.605126077740616605e-03 1.298201888419785351e-03 1.561467597565852029e-03 8.576627773568035878e-03 1.526454751254879838e-02 1.392628842498066025e-03 3.762537788400395575e-03 1.691212554928353193e-02 5.537053704162514522e-02 4.313205506450602805e-07 1.365210272052014031e-06 2.428110072734671239e-04 2.605126077740616605e-03 1.298201888419785351e-03 1.561467597565852029e-03 8.576627773568035878e-03 1.526454751254879838e-02
1.680000000000000000e+04 1.391572054463310372e-03 3.722823323884140098e-03 1.683184971863883883e-02 5.566923793163189305e-02 1.707316270359884275e-06 2.182295728235835163e-06 2.660951170448227197e-04 2.749394536164988332e-03 1.308132754733586870e-03 1.568226964861563297e-03 8.538658759296532952e-03 1.495344238994768434e-02 1.391572054463310372e-03 3.722823323884140098e-03 1.683184971863883883e-02 5.566923793163189305e-02 1.707316270359884275e-06 2.182295728235835163e-06 2.660951170448227197e-04 2.749394536164988332e-03 1.308132754733586870e-03 1.568226964861563297e-03 8.538658759296532952e-03 1.495344238994768434e-02
1.715000000000000000e+04 1.420204684082542997e-03 4.005516869987246070e-03 1.796932112305698812e-02 5.404626497332838675e-02 6.601676397613442090e-06 4.411537622998170565e-05 1.474150254779343482e-04 3.332162494018964683e-03 1.550512732319977429e-03 1.578949289776358138e-03 8.382529177225426717e-03 1.518132043130678704e-02 1.420204684082542997e-03 4.005516869987246070e-03 1.796932112305698812e-02 5.404626497332838675e-02 6.601676397613442090e-06 4.411537622998170565e-05 1.474150254779343482e-04 3.332162494018964683e-03 1.550512732319977429e-03 1.578949289776358138e-03 8.382529177225426717e-03 1.518132043130678704e-02
1.750000000000000000e+04 1.384183547968596264e-03 3.789043747382044892e-03 1.705665725547136219e-02 5.514450419724733349e-02 3.986193249171536581e-07 3.121864264290941828e-07 2.517992368155828019e-04 2.684292012423223055e-03 1.302341308417004438e-03 1.546736518954140672e-03 8.617917063365287955e-03 1.520092037569747458e-02 1.384183547968596264e-03 3.789043747382044892e-03 1.705665725547136219e-02 5.514450419724733349e-02 3.986193249171536581e-07 3.121864264290941828e-07 2.517992368155828019e-04 2.684292012423223055e-03 1.302341308417004438e-03 1.546736518954140672e-03 8.617917063365287955e-03 1.520092037569747458e-02
1.785000000000000000e+04 1.391574840036006490e-03 3.773344484733727206e-03 1.694279090302533777e-02 5.525714767795714133e-02 3.989533331709420246e-07 2.944781804390829699e-07 2.496347309305268136e-04 2.681301554360410091e-03 1.298005768122883954e-03 1.541769631481131617e-03 8.594090359416840449e-03 1.523719362002123358e-02 1.391574840036006490e-03 3.773344484733727206e-03 1.694279090302533777e-02 5.525714767795714133e-02 3.989533331709420246e-07 2.944781804390829699e-07 2.496347309305268136e-04 2.681301554360410091e-03 1.298005768122883954e-03 1.541769631481131617e-03 8.594090359416840449e-03 1.523719362002123358e-02
1.820000000000000000e+04 1.390194813114998054e-03 4.052336935951745059e-03 1.654616452222264569e-02 5.500547575999521072e-02 1.799322100534512732e-09 4.282980548445917839e-08 2.474671468098172539e-04 2.677672305668706357e-03 1.371686684040432369e-03 1.443278313011642959e-03 8.812360620435548408e-03 1.561872926964161939e-02 1.390194813114998054e-03 4.052336935951745059e-03 1.654616452222264569e-02 5.500547575999521072e-02 1.799322100534512732e-09 4.282980548445917839e-08 2.474671468098172539e-04 2.677672305668706357e-03 1.371686684040432369e-03 1.443278313011642959e-03 8.812360620435548408e-03 1.561872926964161939e-02
1.855000000000000000e+04 1.395984785126513352e-03 3.744466192525106648e-03 1.684789329488102505e-02 5.520293751072939681e-02 1.432796262266206109e-07 1.908706469386954825e-06 2.638102591547064938e-04 2.815357994168404820e-03 1.295448351082499052e-03 1.552995057849479487e-03 8.577401709396336935e-03 1.524400073645466869e-02 1.395984785126513352e-03 3.744466192525106648e-03 1.684789329488102505e-02 5.520293751072939681e-02 1.432796262266206109e-07 1.908706469386954825e-06 2.638102591547064938e-04 2.815357994168404820e-03 1.295448351082499052e-03 1.552995057849479487e-03 8.577401709396336935e-03 1.524400073645466869e-02
1.890000000000000000e+04 1.394592434588657649e-03 3.763610100867019297e-03 1.686561428396275361e-02 5.529996494042497407e-02 3.988779987040507411e-07 2.729973721900769119e-07 2.474118638908920972e-04 2.672581623555403754e-03 1.294819618289775069e-03 1.539880354624900173e-03 8.583772477850293986e-03 1.524998871169286167e-02 1.394592434588657649e-03 3.763610100867019297e-03 1.686561428396275361e-02 5.529996494042497407e-02 3.988779987040507411e-07 2.729973721900769119e-07 2.474118638908920972e-04 2.672581623555403754e-03 1.294819618289775069e-03 1.539880354624900173e-03 8.583772477850293986e-03 1.524998871169286167e-02
1.925000000000000000e+04 1.420203574793030537e-03 3.789822900069439102e-03 1.669313296387472945e-02 5.551283710929402759e-02 1.833990096903227592e-08 1.106988887343306621e-05 2.159262689650679021e-04 2.381958016489270878e-03 1.291882910775752399e-03 1.594515607604392489e-03 8.680976625858956644e-03 1.532119677209393613e-02 1.420203574793030537e-03 3.789822900069439102e-03 1.669313296387472945e-02 5.551283710929402759e-02 1.833990096903227592e-08 1.106988887343306621e-05 2.159262689650679021e-04 2.381958016489270878e-03 1.291882910775752399e-03 1.594515607604392489e-03 8.680976625858956644e-03 1.532119677209393613e-02
1.960000000000000000e+04 1.399027528130135064e-03 3.604530915014063537e-03 1.735782267140807689e-02 5.439459712735276314e-02 4.742036185887934529e-07 1.383625705779696521e-06 2.455050788888626478e-04 2.741489129568004928e-03 1.459571340143826518e-03 1.676958736329810804e-03 8.516784766811296217e-03 1.569029550606323639e-02 1.399027528130135064e-03 3.604530915014063537e-03 1.735782267140807689e-02 5.439459712735276314e-02 4.742036185887934529e-07 1.383625705779696521e-06 2.455050788888626478e-04 2.741489129568004928e-03 1.459571340143826518e-03 1.676958736329810804e-03 8.516784766811296217e-03 1.569029550606323639e-02
1.995000000000000000e+04 1.388677839848739652e-03 3.723411705332897378e-03 1.740979611693844673e-02 5.432223662102584477e-02 3.118573773505518932e-08 1.161715589967261587e-06 2.185451851299718474e-04 2.526314690025587874e-03 1.345136455096979664e-03 1.562377798406092101e-03 8.534077050647259979e-03 1.581464314199278534e-02 1.388677839848739652e-03 3.723411705332897378e-03 1.740979611693844673e-02 5.432223662102584477e-02 3.118573773505518932e-08 1.161715589967261587e-06 2.185451851299718474e-04 2.526314690025587874e-03 1.345136455096979664e-03 1.562377798406092101e-03 8.534077050647259979e-03 1.581464314199278534e-02
2.030000000000000000e+04 1.402401175245747769e-03 3.542070941359151248e-03 1.747708871298372588e-02 5.359961471580165088e-02 4.552528498266645198e-07 2.044820693290025023e-07 1.821181259934739481e-04 2.221907257336589933e-03 1.496085074781711068e-03 1.881484293263922152e-03 8.737316180261696374e-03 1.662291485370608751e-02 1.402401175245747769e-03 3.542070941359151248e-03 1.747708871298372588e-02 5.359961471580165088e-02 4.552528498266645198e-07 2.044820693290025023e-07 1.821181259934739481e-04 2.221907257336589933e-03 1.496085074781711068e-03 1.881484293263922152e-03 8.737316180261696374e-03 1.662291485370608751e-02
2.065000000000000000e+04 1.404695537600276220e-03 3.719132875504759829e-03 1.666469610635387330e-02 5.505825594896814057e-02 3.701973012177610761e-06 7.205546456781371635e-06 2.385929592842330035e-04 2.617040782397586120e-03 1.306816830652541032e-03 1.613348234180294856e-03 8.643445749704201098e-03 1.504331739689614318e-02 1.404695537600276220e-03 3.719132875504759829e-03 1.666469610635387330e-02 5.505825594896814057e-02 3.701973012177610761e-06 7.205546456781371635e-06 2.385929592842330035e-04 2.617040782397586120e-03 1.306816830652541032e-03 1.613348234180294856e-03 8.643445749704201098e-03 1.504331739689614318e-02
2.100000000000000000e+04 1.444697998798911628e-03 4.000242987224816860e-03 1.585093430527698827e-02 4.927202396844263671e-02 3.955282839157393293e-06 4.584024732173842503e-06 9.998215208438133582e-05 1.590732278165413530e-03 1.385240999572271998e-03 1.585943904787451807e-03 9.277464634004745428e-03 1.641718333817194023e-02 1.444697998798911628e-03 4.000242987224816860e-03 1.585093430527698827e-02 4.927202396844263671e-02 3.955282839157393293e-06 4.584024732173842503e-06 9.998215208438133582e-05 1.590732278165413530e-03 1.385240999572271998e-03 1.585943904787451807e-03 9.277464634004745428e-03 1.641718333817194023e-02
2.135000000000000000e+04 1.495827512591059796e-03 4.174377939806440084e-03 1.088881309079762008e-02 2.217881614917568966e-02 1.780712729687807656e-07 2.085461509681089037e-07 6.331592034619013140e-07 3.150723989962185735e-05 2.001657856457869037e-03 1.791559110257698231e-03 1.159403963176797170e-02 2.555014368500288513e-02 1.495827512591059796e-03 4.174377939806440084e-03 1.088881309079762008e-02 2.217881614917568966e-02 1.780712729687807656e-07 2.085461509681089037e-07 6.331592034619013140e-07 3.150723989962185735e-05 2.001657856457869037e-03 1.791559110257698231e-03 1.159403963176797170e-02 2.555014368500288513e-02
2.170000000000000000e+04 1.297047911378103584e-03 3.102314889746560830e-03 9.973511286434698017e-03 2.020343702324382124e-02 2.005184445637989256e-08 6.162624340207859261e-08 5.427025907239576249e-08 2.436829929686174347e-06 1.278697119215047636e-03 1.485627866528355578e-03 1.026423052696789906e-02 2.395309950485236331e-02 1.297047911378103584e-03 3.102314889746560830e-03 9.973511286434698017e-03 2.020343702324382124e-02 2.005184445637989256e-08 6.162624340207859261e-08 5.427025907239576249e-08 2.436829929686174347e-06 1.278697119215047636e-03 1.485627866528355578e-03 1.026423052696789906e-02 2.395309950485236331e-02
2.205000000000000000e+04 1.302884463464380402e-03 3.054236666309759641e-03 9.581277909708234980e-03 1.986311300401507815e-02 2.700608504538593384e-09 2.801718940257041673e-10 3.206112876671702541e-09 6.361773599053376908e-07 1.263224552582013424e-03 1.476531577902765249e-03 1.004078207276412442e-02 2.463127948634087627e-02 1.302884463464380402e-03 3.054236666309759641e-03 9.581277909708234980e-03 1.986311300401507815e-02 2.700608504538593384e-09 2.801718940257041673e-10 3.206112876671702541e-09 6.361773599053376908e-07 1.263224552582013424e-03 1.476531577902765249e-03 1.004078207276412442e-02 2.463127948634087627e-02
2.240000000000000000e+04 1.297285885898549415e-03 3.017031154770923821e-03 9.550485832575592721e-03 1.963784233521331107e-02 1.423551759353717473e-09 9.912063449987183723e-10 4.924605785853137288e-09 7.719147046799936549e-08 1.267219906345641751e-03 1.465116344291411384e-03 9.981229869208012306e-03 2.486922624799215928e-02 1.297285885898549415e-03 3.017031154770923821e-03 9.550485832575592721e-03 1.963784233521331107e-02 1.423551759353717473e-09 9.912063449987183723e-10 4.924605785853137288e-09 7.719147046799936549e-08 1.267219906345641751e-03 1.465116344291411384e-03 9.981229869208012306e-03 2.486922624799215928e-02
2.275000000000000000e+04 1.341283416222947356e-03 3.013352881314317923e-03 8.667757849573307430e-03 2.329814219042670997e-02 1.922689774222558536e-06 2.350170201378883206e-07 3.219690677491460290e-07 9.639602776912161639e-07 1.324946901294359915e-03 1.473098807748522091e-03 9.925009130247930758e-03 2.510140091793435640e-02 1.341283416222947356e-03 3.013352881314317923e-03 8.667757849573307430e-03 2.329814219042670997e-02 1.922689774222558536e-06 2.350170201378883206e-07 3.219690677491460290e-07 9.639602776912161639e-07 1.324946901294359915e-03 1.473098807748522091e-03 9.925009130247930758e-03 2.510140091793435640e-02
2.310000000000000000e+04 1.296717999674764374e-03 3.008212713313977021e-03 9.501815821978381454e-03 1.955681526083841854e-02 5.753921256895663692e-10 4.990405052398364251e-13 2.176784007804132721e-09 1.076118522770846009e-08 1.266644113167337193e-03 1.457082582176476467e-03 9.938014363491421213e-03 2.500310941676782417e-02 1.296717999674764374e-03 3.008212713313977021e-03 9.501815821978381454e-03 1.955681526083841854e-02 5.753921256895663692e-10 4.990405052398364251e-13 2.176784007804132721e-09 1.076118522770846009e-08 1.266644113167337193e-03 1.457082582176476467e-03 9.938014363491421213e-03 2.500310941676782417e-02
2.345000000000000000e+04 1.292532022669676782e-03 2.999947294431992879e-03 9.473810659731286138e-03 1.958478717418104739e-02 1.808996481011298292e-10 1.722370976559017926e-10 5.921721351106656523e-09 8.371079656584204543e-08 1.268848939770261981e-03 1.461655197512851416e-03 9.904941164424202124e-03 2.504321467586312702e-02 1.292532022669676782e-03 2.999947294431992879e-03 9.473810659731286138e-03 1.958478717418104739e-02 1.808996481011298292e-10 1.722370976559017926e-10 5.921721351106656523e-09 8.371079656584204543e-08 1.268848939770261981e-03 1.461655197512851416e-03 9.904941164424202124e-03 2.504321467586312702e-02
2.380000000000000000e+04 1.309019628443334722e-03 2.951107713402505595e-03 9.660422686258142433e-03 1.944618121561535531e-02 5.562179054286947509e-09 4.255712894278913151e-08 2.625981811028266629e-09 2.938887813308212825e-07 1.259655485741082923e-03 1.480460283705488421e-03 9.881939138911222109e-03 2.504984843644414774e-02 1.309019628443334722e-03 2.951107713402505595e-03 9.660422686258142433e-03 1.944618121561535531e-02 5.562179054286947509e-09 4.255712894278913151e-08 2.625981811028266629e-09 2.938887813308212825e-07 1.259655485741082923e-03 1.480460283705488421e-03 9.881939138911222109e-03 2.504984843644414774e-02
2.415000000000000000e+04 1.297886946298935093e-03 2.972706364507396361e-03 9.555746483396907950e-03 1.946035039886415824e-02 2.465215536945246790e-10 2.462270021201896929e-08 9.027532028894988336e-10 1.286151195842852271e-10 1.270619840882096334e-03 1.474090836935431715e-03 9.929460674113224639e-03 2.504592115678853925e-02 1.297886946298935093e-03 2.972706364507396361e-03 9.555746483396907950e-03 1.946035039886415824e-02 2.465215536945246790e-10 2.462270021201896929e-08 9.027532028894988336e-10 1.286151195842852271e-10 1.270619840882096334e-03 1.474090836935431715e-03 9.929460674113224639e-03 2.504592115678853925e-02
2.450000000000000000e+04 1.320151101690417248e-03 2.974456914955800682e-03 9.349717449391017898e-03 1.999219883697511690e-02 2.504688044082372646e-07 5.867431320239971755e-08 5.081070050284157351e-08 1.037500837408293159e-06 1.257764843675654486e-03 1.445623270761982109e-03 9.882960666499698843e-03 2.508435007763917118e-02 1.320151101690417248e-03 2.974456914955800682e-03 9.349717449391017898e-03 1.999219883697511690e-02 2.504688044082372646e-07 5.867431320239971755e-08 5.081070050284157351e-08 1.037500837408293159e-06 1.257764843675654486e-03 1.445623270761982109e-03 9.882960666499698843e-03 2.508435007763917118e-02
2.485000000000000000e+04 1.293669532609088022e-03 3.020362583148930146e-03 9.434211348084831431e-03 1.954860552208670041e-02 4.477251615106357932e-09 8.375329789978761065e-10 1.107586712016974710e-08 3.140316677369148117e-08 1.271427238730592039e-03 1.445808919575332580e-03 9.933442688647223240e-03 2.505106002615069272e-02 1.293669532609088022e-03 3.020362583148930146e-03 9.434211348084831431e-03 1.954860552208670041e-02 4.477251615106357932e-09 8.375329789978761065e-10 1.107586712016974710e-08 3.140316677369148117e-08 1.271427238730592039e-03 1.445808919575332580e-03 9.933442688647223240e-03 2.505106002615069272e-02
2.520000000000000000e+04 1.270363124985835531e-03 3.033548652350575962e-03 9.252805040070418569e-03 1.972788810703931389e-02 1.098748525368813304e-08 3.681791835125658626e-09 7.584197836975384792e-08 1.535018813246508001e-07 1.303619596700723339e-03 1.452861632358893934e-03 9.977373224382104361e-03 2.500347361921335596e-02 1.270363124985835531e-03 3.033548652350575962e-03 9.252805040070418569e-03 1.972788810703931389e-02 1.098748525368813304e-08 3.681791835125658626e-09 7.584197836975384792e-08 1.535018813246508001e-07 1.303619596700723339e-03 1.452861632358893934e-03 9.977373224382104361e-03 2.500347361921335596e-02
2.555000000000000000e+04 1.290083342387502493e-03 3.049120166794960871e-03 9.166086916179802535e-03 1.974909473399446419e-02 3.543456971400871602e-11 1.469837610423306231e-09 1.174870720693175946e-08 1.680853178614285612e-07 1.274653303463529419e-03 1.450747116606453287e-03 9.998670519458296990e-03 2.503328565714836237e-02 1.290083342387502493e-03 3.049120166794960871e-03 9.166086916179802535e-03 1.974909473399446419e-02 3.543456971400871602e-11 1.469837610423306231e-09 1.174870720693175946e-08 1.680853178614285612e-07 1.274653303463529419e-03 1.450747116606453287e-03 9.998670519458296990e-03 2.503328565714836237e-02
2.590000000000000000e+04 1.283890487253012882e-03 3.090305887115400024e-03 9.561445633027439509e-03 1.940013359046854555e-02 2.689084518049514866e-07 8.026699240602843366e-09 5.220041768310949074e-07 1.900313237150756926e-08 1.266698070029330337e-03 1.472369317522910157e-03 9.849619809304080778e-03 2.516499289190876273e-02 1.283890487253012882e-03 3.090305887115400024e-03 9.561445633027439509e-03 1.940013359046854555e-02 2.689084518049514866e-07 8.026699240602843366e-09 5.220041768310949074e-07 1.900313237150756926e-08 1.266698070029330337e-03 1.472369317522910157e-03 9.849619809304080778e-03 2.516499289190876273e-02
2.625000000000000000e+04 1.342107767331820198e-03 3.120316831360685304e-03 9.414908751247333049e-03 1.964297898412662238e-02 8.478400719589447335e-08 3.311705259924338475e-07 5.730183939826378854e-09 1.236299392732877620e-07 1.243476563248325020e-03 1.396028416855082900e-03 9.912991633850440354e-03 2.496702404232293768e-02 1.342107767331820198e-03 3.120316831360685304e-03 9.414908751247333049e-03 1.964297898412662238e-02 8.478400719589447335e-08 3.311705259924338475e-07 5.730183939826378854e-09 1.236299392732877620e-07 1.243476563248325020e-03 1.396028416855082900e-03 9.912991633850440354e-03 2.496702404232293768e-02
2.660000000000000000e+04 1.396144734185505998e-03 2.802693726224915038e-03 9.627591534183356850e-03 1.926463125895634676e-02 9.619049766303576134e-09 3.566942454335848297e-06 2.961818134528843795e-09 6.579744063037416770e-07 1.252637884758968367e-03 1.734242379431079643e-03 1.004908728845304612e-02 2.512313368686025505e-02 1.396144734185505998e-03 2.802693726224915038e-03 9.627591534183356850e-03 1.926463125895634676e-02 9.619049766303576134e-09 3.566942454335848297e-06 2.961818134528843795e-09 6.579744063037416770e-07 1.252637884758968367e-03 1.734242379431079643e-03 1.004908728845304612e-02 2.512313368686025505e-02
2.695000000000000000e+04 1.298375502448504077e-03 2.972817164173936592e-03 9.565643000691818540e-03 1.942797638535004659e-02 2.052566688272747635e-09 9.843123921711354291e-09 7.331528379377223403e-10 1.386356438018635068e-09 1.267840783339713520e-03 1.464885854307980666e-03 9.905474556241406284e-03 2.508078820458060909e-02 1.298375502448504077e-03 2.972817164173936592e-03 9.565643000691818540e-03 1.942797638535004659e-02 2.052566688272747635e-09 9.843123921711354291e-09 7.331528379377223403e-10 1.386356438018635068e-09 1.267840783339713520e-03 1.464885854307980666e-03 9.905474556241406284e-03 2.508078820458060909e-02
2.730000000000000000e+04 1.290842097089187545e-03 2.893484848978970878e-03 9.546509512638532216e-03 1.945330969413015462e-02 2.815550634263535832e-07 1.576933100459226266e-07 3.331016304393493045e-12 1.048528219745423409e-07 1.320822191448683654e-03 1.575185438754543544e-03 9.919334160888236898e-03 2.508816097752775490e-02 1.290842097089187545e-03 2.893484848978970878e-03 9.546509512638532216e-03 1.945330969413015462e-02 2.815550634263535832e-07 1.576933100459226266e-07 3.331016304393493045e-12 1.048528219745423409e-07 1.320822191448683654e-03 1.575185438754543544e-03 9.919334160888236898e-03 2.508816097752775490e-02
2.765000000000000000e+04 1.270205683690994389e-03 3.056011128584467697e-03 9.549703652538144710e-03 1.946930170408719268e-02 1.791755170592118749e-10 1.094157212066877741e-08 5.910593063820161544e-09 8.819244245142532760e-09 1.274351182383290284e-03 1.482625502209685732e-03 9.975214769146067625e-03 2.496185192114541707e-02 1.270205683690994389e-03 3.056011128584467697e-03 9.549703652538144710e-03 1.946930170408719268e-02 1.791755170592118749e-10 1.094157212066877741e-08 5.910593063820161544e-09 8.819244245142532760e-09 1.274351182383290284e-03 1.482625502209685732e-03 9.975214769146067625e-03 2.496185192114541707e-02
2.800000000000000000e+04 1.287102179011345498e-03 3.005250083933214220e-03 9.497504587357246536e-03 1.949637044048760717e-02 6.148458557454358423e-12 7.502958957440135200e-11 2.183234766192096920e-10 8.832150570349393443e-10 1.271102186583797106e-03 1.459022494487048887e-03 9.930649359852040253e-03 2.504714262275453684e-02 1.287102179011345498e-03 3.005250083933214220e-03 9.497504587357246536e-03 1.949637044048760717e-02 6.148458557454358423e-12 7.502958957440135200e-11 2.183234766192096920e-10 8.832150570349393443e-10 1.271102186583797106e-03 1.459022494487048887e-03 9.930649359852040253e-03 2.504714262275453684e-02
2.835000000000000000e+04 1.293273002496463705e-03 3.000083723839315052e-03 9.492265686335108268e-03 1.948534083086490495e-02 2.468471640593034316e-11 1.162522854885363529e-10 1.226445603878188204e-10 2.514445431558547394e-10 1.268662107895079851e-03 1.457618964901343005e-03 9.925424691969214966e-03 2.506087650870597941e-02 1.293273002496463705e-03 3.000083723839315052e-03 9.492265686335108268e-03 1.948534083086490495e-02 2.468471640593034316e-11 1.162522854885363529e-10 1.226445603878188204e-10 2.514445431558547394e-10 1.268662107895079851e-03 1.457618964901343005e-03 9.925424691969214966e-03 2.506087650870597941e-02
2.870000000000000000e+04 1.327311755032378705e-03 3.002170686870949626e-03 9.412563482413710200e-03 2.046249803688056368e-02 4.325676668606895721e-07 2.419327563685335945e-07 1.665558121588710139e-07 1.153636517118661736e-07 1.422339987973872746e-03 1.427718506772288109e-03 9.813656810786454063e-03 2.460585158652165219e-02 1.327311755032378705e-03 3.002170686870949626e-03 9.412563482413710200e-03 2.046249803688056368e-02 4.325676668606895721e-07 2.419327563685335945e-07 1.665558121588710139e-07 1.153636517118661736e-07 1.422339987973872746e-03 1.427718506772288109e-03 9.813656810786454063e-03 2.460585158652165219e-02
2.905000000000000000e+04 1.381668225369153203e-03 3.262059591712899911e-03 9.639531103423882100e-03 1.938018223721348424e-02 2.596722146094138107e-06 1.144050010187635070e-06 1.319669513058247304e-08 1.885827218786632311e-07 1.345612747252267379e-03 1.470372747968173681e-03 9.853266986872633373e-03 2.505112055168856253e-02 1.381668225369153203e-03 3.262059591712899911e-03 9.639531103423882100e-03 1.938018223721348424e-02 2.596722146094138107e-06 1.144050010187635070e-06 1.319669513058247304e-08 1.885827218786632311e-07 1.345612747252267379e-03 1.470372747968173681e-03 9.853266986872633373e-03 2.505112055168856253e-02
2.940000000000000000e+04 1.322231792560829350e-03 2.943700154510102245e-03 9.700461199021827297e-03 1.938752433003960995e-02 6.390689686582383358e-07 3.004156855459347081e-07 3.946124213315550779e-09 6.254025092594271046e-07 1.326682976421795232e-03 1.503869649608023749e-03 9.894128378588818579e-03 2.506250536980552182e-02 1.322231792560829350e-03 2.943700154510102245e-03 9.700461199021827297e-03 1.938752433003960995e-02 6.390689686582383358e-07 3.004156855459347081e-07 3.946124213315550779e-09 6.254025092594271046e-07 1.326682976421795232e-03 1.503869649608023749e-03 9.894128378588818579e-03 2.506250536980552182e-02
2.975000000000000000e+04 1.301922553745060501e-03 3.036260855640811069e-03 9.485442385817569044e-03 1.948800905717947007e-02 7.178291476864615738e-10 8.047509807842438998e-10 1.737451201399023973e-08 1.833041931698805872e-09 1.260742515962476112e-03 1.440029054124297063e-03 9.917562890931298780e-03 2.505257489154406880e-02 1.301922553745060501e-03 3.036260855640811069e-03 9.485442385817569044e-03 1.948800905717947007e-02 7.178291476864615738e-10 8.047509807842438998e-10 1.737451201399023973e-08 1.833041931698805872e-09 1.260742515962476112e-03 1.440029054124297063e-03 9.917562890931298780e-03 2.505257489154406880e-02
3.010000000000000000e+04 1.302629707789251280e-03 2.966039518952254608e-03 9.471153787750461600e-03 1.949463112371943932e-02 1.725323517630534310e-08 1.666328185367480472e-11 2.314897360769666667e-08 2.226861602276546475e-07 1.271235507785767544e-03 1.487213882834757589e-03 9.917101641638687709e-03 2.507172264926246438e-02 1.302629707789251280e-03 2.966039518952254608e-03 9.471153787750461600e-03 1.949463112371943932e-02 1.725323517630534310e-08 1.666328185367480472e-11 2.314897360769666667e-08 2.226861602276546475e-07 1.271235507785767544e-03 1.487213882834757589e-03 9.917101641638687709e-03 2.507172264926246438e-02
3.045000000000000000e+04 1.300265419207530335e-03 3.113705929108379240e-03 9.235547786243089932e-03 1.968233766298020659e-02 6.859251256873468810e-08 5.268220739254994011e-10 4.564932542402832310e-09 9.188557979941270319e-08 1.281779940477898935e-03 1.432707594945162224e-03 9.980299864697015147e-03 2.499817880608192627e-02 1.300265419207530335e-03 3.113705929108379240e-03 9.235547786243089932e-03 1.968233766298020659e-02 6.859251256873468810e-08 5.268220739254994011e-10 4.564932542402832310e-09 9.188557979941270319e-08 1.281779940477898935e-03 1.432707594945162224e-03 9.980299864697015147e-03 2.499817880608192627e-02
3.080000000000000000e+04 1.363681893181897201e-03 3.133785434260199891e-03 9.652151561290350443e-03 1.930370271151404804e-02 2.994257153417935131e-06 4.784312206500986424e-07 3.879192940198268728e-08 1.267649251881435702e-07 1.335052876303146566e-03 1.468754892253186766e-03 9.855556493605369811e-03 2.513175320870117413e-02 1.363681893181897201e-03 3.133785434260199891e-03 9.652151561290350443e-03 1.930370271151404804e-02 2.994257153417935131e-06 4.784312206500986424e-07 3.879192940198268728e-08 1.267649251881435702e-07 1.335052876303146566e-03 1.468754892253186766e-03 9.855556493605369811e-03 2.513175320870117413e-02
3.115000000000000000e+04 1.285125174749862176e-03 2.928771118443388929e-03 9.209753588802519972e-03 1.996163956235937759e-02 4.540943224157376602e-07 3.557958541352340427e-07 1.166221592200793344e-07 1.303517009467509530e-06 1.296148119315844753e-03 1.499532484347043410e-03 9.916781422741981558e-03 2.508775257813148502e-02 1.285125174749862176e-03 2.928771118443388929e-03 9.209753588802519972e-03 1.996163956235937759e-02 4.540943224157376602e-07 3.557958541352340427e-07 1.166221592200793344e-07 1.303517009467509530e-06 1.296148119315844753e-03 1.499532484347043410e-03 9.916781422741981558e-03 2.508775257813148502e-02
3.150000000000000000e+04 1.314883064370509988e-03 2.899695786375130688e-03 9.399124146402480437e-03 1.949431005911736112e-02 2.792617003244592062e-09 5.634641515013203284e-07 1.241430701838916646e-07 1.846142719741965660e-07 1.265149889381623387e-03 1.556378963684962313e-03 9.965299579574165081e-03 2.512021513147629989e-02 1.314883064370509988e-03 2.899695786375130688e-03 9.399124146402480437e-03 1.949431005911736112e-02 2.792617003244592062e-09 5.634641515013203284e-07 1.241430701838916646e-07 1.846142719741965660e-07 1.265149889381623387e-03 1.556378963684962313e-03 9.965299579574165081e-03 2.512021513147629989e-02
3.185000000000000000e+04 1.301707967328268956e-03 2.888603773435019159e-03 9.978471919868499990e-03 1.912325402306100722e-02 5.197539285648558242e-10 8.631652889103395275e-08 3.789031344172904059e-10 5.994255010417260341e-08 1.268479364545317851e-03 1.481667558702772728e-03 9.823822699506299522e-03 2.516546018204817575e-02 1.301707967328268956e-03 2.888603773435019159e-03 9.978471919868499990e-03 1.912325402306100722e-02 5.197539285648558242e-10 8.631652889103395275e-08 3.789031344172904059e-10 5.994255010417260341e-08 1.268479364545317851e-03 1.481667558702772728e-03 9.823822699506299522e-03 2.516546018204817575e-02
3.220000000000000000e+04 1.292649018059659769e-03 3.070096450831407819e-03 9.416044262215010271e-03 1.963814861500150916e-02 4.405961793918592766e-07 8.441568111378966817e-07 1.228855480633804654e-07 3.007927569523510921e-07 1.271398725963095383e-03 1.423783005201045620e-03 9.939702332994486064e-03 2.494727358644643900e-02 1.292649018059659769e-03 3.070096450831407819e-03 9.416044262215010271e-03 1.963814861500150916e-02 4.405961793918592766e-07 8.441568111378966817e-07 1.228855480633804654e-07 3.007927569523510921e-07 1.271398725963095383e-03 1.423783005201045620e-03 9.939702332994486064e-03 2.494727358644643900e-02
3.255000000000000000e+04 1.298131017525024078e-03 3.006342766130197866e-03 9.449806771781671388e-03 1.950339472213236114e-02 3.214223959585118519e-10 3.044325473677615571e-08 4.788095378949243360e-10 1.575131248092400640e-09 1.267014755899315481e-03 1.447066788682606527e-03 9.925586348097679285e-03 2.507007727733015501e-02 1.298131017525024078e-03 3.006342766130197866e-03 9.449806771781671388e-03 1.950339472213236114e-02 3.214223959585118519e-10 3.044325473677615571e-08 4.788095378949243360e-10 1.575131248092400640e-09 1.267014755899315481e-03 1.447066788682606527e-03 9.925586348097679285e-03 2.507007727733015501e-02
3.290000000000000000e+04 1.301920800127667277e-03 2.980704677346100902e-03 9.487526492274609563e-03 1.944682360406520955e-02 2.366049892953332902e-08 1.453844960036049451e-07 3.795106947478318807e-09 1.285996251660528424e-09 1.265256852527083626e-03 1.471754994766434621e-03 9.925610782930862144e-03 2.508814889188036232e-02 1.301920800127667277e-03 2.980704677346100902e-03 9.487526492274609563e-03 1.944682360406520955e-02 2.366049892953332902e-08 1.453844960036049451e-07 3.795106947478318807e-09 1.285996251660528424e-09 1.265256852527083626e-03 1.471754994766434621e-03 9.925610782930862144e-03 2.508814889188036232e-02
3.325000000000000000e+04 1.295095624126200821e-03 3.060722222372897535e-03 9.452317933736941943e-03 1.950598880133724497e-02 2.082491104964777240e-07 5.823099219250373982e-08 9.225374138555075319e-09 8.890954085938747105e-09 1.268237796906381779e-03 1.426793875290427796e-03 9.910891825427751989e-03 2.506578252246906627e-02 1.295095624126200821e-03 3.060722222372897535e-03 9.452317933736941943e-03 1.950598880133724497e-02 2.082491104964777240e-07 5.823099219250373982e-08 9.225374138555075319e-09 8.890954085938747105e-09 1.268237796906381779e-03 1.426793875290427796e-03 9.910891825427751989e-03 2.506578252246906627e-02
3.360000000000000000e+04 1.281201647687805556e-03 3.025528196468700234e-03 9.107020069479866697e-03 2.034869017670081978e-02 1.146084452421911405e-06 2.968038964955177047e-05 8.803374636010585123e-07 3.425538676398764658e-06 1.296706516982734734e-03 1.381637697847187818e-03 9.906034999737047680e-03 2.525629849931125895e-02 1.281201647687805556e-03 3.025528196468700234e-03 9.107020069479866697e-03 2.034869017670081978e-02 1.146084452421911405e-06 2.968038964955177047e-05 8.803374636010585123e-07 3.425538676398764658e-06 1.296706516982734734e-03 1.381637697847187818e-03 9.906034999737047680e-03 2.525629849931125895e-02
3.395000000000000000e+04 1.303106462924712725e-03 2.952821686416077195e-03 9.753864712177809024e-03 1.926518692310318429e-02 1.401452063510312534e-07 8.885263466637123951e-08 3.184494624906694086e-10 1.922261461710765848e-07 1.263702963276561826e-03 1.460114634766296153e-03 9.871171948810160413e-03 2.511082763922511604e-02 1.303106462924712725e-03 2.952821686416077195e-03 9.753864712177809024e-03 1.926518692310318429e-02 1.401452063510312534e-07 8.885263466637123951e-08 3.184494624906694086e-10 1.922261461710765848e-07 1.263702963276561826e-03 1.460114634766296153e-03 9.871171948810160413e-03 2.511082763922511604e-02
3.430000000000000000e+04 1.327723995096283856e-03 3.034939254547986808e-03 9.513167358581828617e-03 1.944266144977155331e-02 3.225084025811244310e-08 5.555301626766293512e-07 3.859404233247061755e-08 3.486419515520823574e-10 1.255549239321205983e-03 1.431487819172970292e-03 9.921130916488114793e-03 2.506815846177401497e-02 1.327723995096283856e-03 3.034939254547986808e-03 9.513167358581828617e-03 1.944266144977155331e-02 3.225084025811244310e-08 5.555301626766293512e-07 3.859404233247061755e-08 3.486419515520823574e-10 1.255549239321205983e-03 1.431487819172970292e-03 9.921130916488114793e-03 2.506815846177401497e-02
3.465000000000000000e+04 1.301924616394759763e-03 3.157262560454579103e-03 8.874498201829207622e-03 1.989466942602887214e-02 9.150031073507527125e-07 1.287699234803685769e-07 4.672214156738810116e-07 3.427630817877285570e-08 1.264147816272417684e-03 1.448218828824058245e-03 1.008233458569852969e-02 2.504633913596056999e-02 1.301924616394759763e-03 3.157262560454579103e-03 8.874498201829207622e-03 1.989466942602887214e-02 9.150031073507527125e-07 1.287699234803685769e-07 4.672214156738810116e-07 3.427630817877285570e-08 1.264147816272417684e-03 1.448218828824058245e-03 1.008233458569852969e-02 2.504633913596056999e-02
3.500000000000000000e+04 1.293683067673767097e-03 2.936115335042431725e-03 9.658673694862646153e-03 1.933848537611170329e-02 5.684008664533161505e-07 1.557607611156845513e-07 4.452714192479869562e-09 2.543709843514767880e-07 1.284148480307024769e-03 1.489357424912545001e-03 9.890013234078778512e-03 2.509505686613939038e-02 1.293683067673767097e-03 2.936115335042431725e-03 9.658673694862646153e-03 1.933848537611170329e-02 5.684008664533161505e-07 1.557607611156845513e-07 4.452714192479869562e-09 2.543709843514767880e-07 1.284148480307024769e-03 1.489357424912545001e-03 9.890013234078778512e-03 2.509505686613939038e-02
