# step, loss_train, loss_test, metrics_test
0.000000000000000000e+00 7.896285053778822824e-03 4.787723816276209104e-02 1.124267938841593505e-02 7.344099999999998969e-12 1.512900000000000276e-10 1.252605193441930220e+00 1.399384797852564200e-01 7.896285053778822824e-03 4.787723816276209104e-02 1.124267938841593505e-02 7.344099999999998969e-12 1.512900000000000276e-10 1.252605193441930220e+00 1.399384797852564200e-01
3.500000000000000000e+02 1.485448632174746794e-04 6.155956811742700156e-04 5.228571031753359490e-04 5.994491474520301150e-06 1.526982873000642938e-04 5.140185097830794487e-04 1.050348755498480696e-02 1.485448632174746794e-04 6.155956811742700156e-04 5.228571031753359490e-04 5.994491474520301150e-06 1.526982873000642938e-04 5.140185097830794487e-04 1.050348755498480696e-02
7.000000000000000000e+02 1.451877812089148495e-04 1.056624392666990651e-03 3.312390150266855075e-04 5.760535506586304343e-06 1.595978143884249796e-04 3.600495303801246202e-04 9.725917058166156509e-03 1.451877812089148495e-04 1.056624392666990651e-03 3.312390150266855075e-04 5.760535506586304343e-06 1.595978143884249796e-04 3.600495303801246202e-04 9.725917058166156509e-03
1.050000000000000000e+03 1.299660425400346684e-04 1.718855823436794697e-03 2.650565109125786875e-04 4.947638218385653472e-06 1.307453339094126075e-04 3.203407523490506390e-04 8.822062441810512093e-03 1.299660425400346684e-04 1.718855823436794697e-03 2.650565109125786875e-04 4.947638218385653472e-06 1.307453339094126075e-04 3.203407523490506390e-04 8.822062441810512093e-03
1.400000000000000000e+03 1.296263384419768451e-04 2.032768141591285906e-03 2.421820860357541433e-04 4.949507444986696935e-06 1.190921966334143351e-04 2.931700099191149951e-04 8.343488328440468865e-03 1.296263384419768451e-04 2.032768141591285906e-03 2.421820860357541433e-04 4.949507444986696935e-06 1.190921966334143351e-04 2.931700099191149951e-04 8.343488328440468865e-03
1.750000000000000000e+03 1.361220271122872642e-04 2.113718166745698953e-03 2.419169266293181501e-04 5.005236068291888323e-06 1.167885603695790206e-04 2.751837278104644273e-04 8.162585061942022671e-03 1.361220271122872642e-04 2.113718166745698953e-03 2.419169266293181501e-04 5.005236068291888323e-06 1.167885603695790206e-04 2.751837278104644273e-04 8.162585061942022671e-03
2.100000000000000000e+03 1.363094197393535027e-04 2.251493328821852370e-03 3.001177280526968246e-04 4.829600130072520992e-06 1.021023380031558793e-04 2.806769404058903606e-04 8.030498729775476657e-03 1.363094197393535027e-04 2.251493328821852370e-03 3.001177280526968246e-04 4.829600130072520992e-06 1.021023380031558793e-04 2.806769404058903606e-04 8.030498729775476657e-03
2.450000000000000000e+03 1.474660937682485511e-04 2.130005418671160593e-03 2.424847137335821420e-04 5.273074011874420301e-06 1.181589432131552471e-04 2.609677079541603256e-04 8.047243148525760198e-03 1.474660937682485511e-04 2.130005418671160593e-03 2.424847137335821420e-04 5.273074011874420301e-06 1.181589432131552471e-04 2.609677079541603256e-04 8.047243148525760198e-03
2.800000000000000000e+03 1.579587985458937515e-04 2.058131071562032278e-03 2.489055346519401281e-04 5.540754442999650576e-06 1.238986951898350317e-04 2.522866180464679569e-04 8.016300664098230042e-03 1.579587985458937515e-04 2.058131071562032278e-03 2.489055346519401281e-04 5.540754442999650576e-06 1.238986951898350317e-04 2.522866180464679569e-04 8.016300664098230042e-03
3.150000000000000000e+03 1.482173204267211476e-04 2.053187411420722731e-03 2.547928410885286275e-04 5.573821171832228225e-06 1.234971176218488387e-04 2.723753448646386841e-04 7.966179092492257224e-03 1.482173204267211476e-04 2.053187411420722731e-03 2.547928410885286275e-04 5.573821171832228225e-06 1.234971176218488387e-04 2.723753448646386841e-04 7.966179092492257224e-03
3.500000000000000000e+03 1.570223344281221193e-04 2.001577263585861081e-03 2.787591304036326676e-04 5.783972564092174993e-06 1.250073930390739206e-04 2.555759532556401326e-04 7.944520640934637015e-03 1.570223344281221193e-04 2.001577263585861081e-03 2.787591304036326676e-04 5.783972564092174993e-06 1.250073930390739206e-04 2.555759532556401326e-04 7.944520640934637015e-03
3.850000000000000000e+03 1.579874578840457329e-04 1.986597583924239359e-03 2.919386755900079235e-04 5.868321957229251293e-06 1.237662832090656898e-04 2.468105014240215838e-04 7.918648499454934361e-03 1.579874578840457329e-04 1.986597583924239359e-03 2.919386755900079235e-04 5.868321957229251293e-06 1.237662832090656898e-04 2.468105014240215838e-04 7.918648499454934361e-03
4.200000000000000000e+03 1.272857865703202280e-04 2.412541664636140212e-03 6.639705883405572088e-04 7.271271719475349552e-06 1.036336942928824546e-03 4.511116109927766887e-04 7.399950565470383816e-03 1.272857865703202280e-04 2.412541664636140212e-03 6.639705883405572088e-04 7.271271719475349552e-06 1.036336942928824546e-03 4.511116109927766887e-04 7.399950565470383816e-03
4.550000000000000000e+03 1.552281974666675955e-04 1.971835559431949891e-03 3.088052847050546659e-04 5.980208126421423433e-06 1.219030184104902834e-04 2.405409410867174222e-04 7.871521011681793800e-03 1.552281974666675955e-04 1.971835559431949891e-03 3.088052847050546659e-04 5.980208126421423433e-06 1.219030184104902834e-04 2.405409410867174222e-04 7.871521011681793800e-03
4.900000000000000000e+03 1.975505392505007838e-04 1.954474344331903150e-03 3.262152086993282520e-04 4.468057470850258166e-06 1.251808225271271830e-04 3.015219550262268448e-04 7.846550052018152685e-03 1.975505392505007838e-04 1.954474344331903150e-03 3.262152086993282520e-04 4.468057470850258166e-06 1.251808225271271830e-04 3.015219550262268448e-04 7.846550052018152685e-03
5.250000000000000000e+03 1.552597964627066987e-04 1.964688016927560506e-03 3.134837322855889719e-04 5.902450202109012520e-06 1.244369882023957938e-04 2.369366024254443101e-04 7.840141082318225277e-03 1.552597964627066987e-04 1.964688016927560506e-03 3.134837322855889719e-04 5.902450202109012520e-06 1.244369882023957938e-04 2.369366024254443101e-04 7.840141082318225277e-03
5.600000000000000000e+03 1.578982452266921004e-04 1.962766768218078030e-03 3.156911149599115414e-04 5.939188626232446870e-06 1.231160301800966403e-04 2.297959293861489096e-04 7.837032275783646640e-03 1.578982452266921004e-04 1.962766768218078030e-03 3.156911149599115414e-04 5.939188626232446870e-06 1.231160301800966403e-04 2.297959293861489096e-04 7.837032275783646640e-03
5.950000000000000000e+03 2.150653702365941649e-04 1.952054420304211732e-03 3.101213477009812417e-04 3.540331733656182056e-06 1.199323857745605469e-04 3.799538193656665013e-04 7.854053922894311049e-03 2.150653702365941649e-04 1.952054420304211732e-03 3.101213477009812417e-04 3.540331733656182056e-06 1.199323857745605469e-04 3.799538193656665013e-04 7.854053922894311049e-03
6.300000000000000000e+03 1.612574564014492852e-04 1.967355279088797270e-03 3.234813483879126774e-04 5.760864132784068850e-06 1.288848565007831473e-04 2.209393585471068199e-04 7.817651388132769094e-03 1.612574564014492852e-04 1.967355279088797270e-03 3.234813483879126774e-04 5.760864132784068850e-06 1.288848565007831473e-04 2.209393585471068199e-04 7.817651388132769094e-03
6.650000000000000000e+03 1.728740748315503787e-04 1.968773708680754322e-03 3.113477667477626250e-04 5.235599837662761401e-06 1.176371119941468110e-04 2.228595189180390202e-04 7.839191489083021172e-03 1.728740748315503787e-04 1.968773708680754322e-03 3.113477667477626250e-04 5.235599837662761401e-06 1.176371119941468110e-04 2.228595189180390202e-04 7.839191489083021172e-03
7.000000000000000000e+03 1.629848313765676837e-04 2.006365518147444193e-03 3.066678284113962807e-04 5.835117928178715551e-06 1.043631439070210010e-04 2.161310875961609779e-04 7.834444651106307195e-03 1.629848313765676837e-04 2.006365518147444193e-03 3.066678284113962807e-04 5.835117928178715551e-06 1.043631439070210010e-04 2.161310875961609779e-04 7.834444651106307195e-03
7.350000000000000000e+03 1.438642311109581198e-04 2.018976045073633645e-03 3.061709438357082969e-04 1.517986981869518759e-05 8.305539584795167715e-05 3.302081174502989646e-04 7.868926976317388092e-03 1.438642311109581198e-04 2.018976045073633645e-03 3.061709438357082969e-04 1.517986981869518759e-05 8.305539584795167715e-05 3.302081174502989646e-04 7.868926976317388092e-03
7.700000000000000000e+03 1.665004837738602540e-04 1.991832009680090301e-03 3.111750202912877080e-04 4.286765749323504258e-06 1.703712535318771049e-04 2.140592932513431354e-04 7.952237328980461817e-03 1.665004837738602540e-04 1.991832009680090301e-03 3.111750202912877080e-04 4.286765749323504258e-06 1.703712535318771049e-04 2.140592932513431354e-04 7.952237328980461817e-03
8.050000000000000000e+03 1.921267703649136619e-04 2.019074091418681695e-03 3.144569629113963018e-04 3.018203282036225066e-06 9.799572824706017553e-05 2.127418381343535207e-04 7.856289221070709289e-03 1.921267703649136619e-04 2.019074091418681695e-03 3.144569629113963018e-04 3.018203282036225066e-06 9.799572824706017553e-05 2.127418381343535207e-04 7.856289221070709289e-03
8.400000000000000000e+03 1.650543032824164152e-04 2.050571728514585194e-03 3.085835371643207516e-04 2.007343627110872591e-05 3.940915137782790407e-05 3.449451421090604522e-04 8.142878260295130163e-03 1.650543032824164152e-04 2.050571728514585194e-03 3.085835371643207516e-04 2.007343627110872591e-05 3.940915137782790407e-05 3.449451421090604522e-04 8.142878260295130163e-03
8.750000000000000000e+03 1.510249329149997643e-04 1.988147566592158612e-03 3.095756940683150045e-04 1.054726567250172112e-05 1.289055211955922049e-04 2.368497846891659889e-04 7.809774078155309711e-03 1.510249329149997643e-04 1.988147566592158612e-03 3.095756940683150045e-04 1.054726567250172112e-05 1.289055211955922049e-04 2.368497846891659889e-04 7.809774078155309711e-03
9.100000000000000000e+03 1.740756206175476852e-04 1.972095428929047760e-03 3.166263220736212185e-04 4.797306019229980165e-06 1.341287566339834818e-04 1.989739490795770208e-04 7.809572640161135774e-03 1.740756206175476852e-04 1.972095428929047760e-03 3.166263220736212185e-04 4.797306019229980165e-06 1.341287566339834818e-04 1.989739490795770208e-04 7.809572640161135774e-03
9.450000000000000000e+03 1.810286495738972097e-04 1.968673759566930831e-03 3.292595682742265983e-04 2.048532564366749091e-06 1.872222103841993644e-04 2.084992393041368200e-04 7.785457215087943084e-03 1.810286495738972097e-04 1.968673759566930831e-03 3.292595682742265983e-04 2.048532564366749091e-06 1.872222103841993644e-04 2.084992393041368200e-04 7.785457215087943084e-03
9.800000000000000000e+03 2.116500920823856564e-04 2.021283956670902240e-03 3.903966551835773616e-04 6.967000470035482813e-06 1.841743570887096238e-04 2.364887531172777996e-04 7.728709280393254027e-03 2.116500920823856564e-04 2.021283956670902240e-03 3.903966551835773616e-04 6.967000470035482813e-06 1.841743570887096238e-04 2.364887531172777996e-04 7.728709280393254027e-03
1.015000000000000000e+04 1.761645335150832160e-04 1.977903760697702785e-03 3.080105169266183184e-04 3.600775615267981804e-06 8.219023939609257368e-05 1.866679260945107368e-04 7.870059250904675938e-03 1.761645335150832160e-04 1.977903760697702785e-03 3.080105169266183184e-04 3.600775615267981804e-06 8.219023939609257368e-05 1.866679260945107368e-04 7.870059250904675938e-03
1.050000000000000000e+04 1.798328531194614633e-04 2.081184015541993719e-03 3.347032245589664709e-04 1.973064407700779539e-06 7.994566251480235820e-05 1.964547243533508328e-04 7.866898005932298696e-03 1.798328531194614633e-04 2.081184015541993719e-03 3.347032245589664709e-04 1.973064407700779539e-06 7.994566251480235820e-05 1.964547243533508328e-04 7.866898005932298696e-03
1.085000000000000000e+04 1.621486260189502538e-04 2.014103571007039122e-03 2.754740729589364714e-04 5.953132973267123575e-06 1.264777752454058503e-04 2.045126070431371756e-04 7.892024828536252715e-03 1.621486260189502538e-04 2.014103571007039122e-03 2.754740729589364714e-04 5.953132973267123575e-06 1.264777752454058503e-04 2.045126070431371756e-04 7.892024828536252715e-03
1.120000000000000000e+04 1.625457279834563635e-04 2.013721224658680548e-03 2.817143828978261504e-04 6.006178816725292719e-06 1.256187936058953303e-04 1.965293319001101802e-04 7.863917435222585184e-03 1.625457279834563635e-04 2.013721224658680548e-03 2.817143828978261504e-04 6.006178816725292719e-06 1.256187936058953303e-04 1.965293319001101802e-04 7.863917435222585184e-03
1.155000000000000000e+04 1.665185666036664042e-04 2.006509160727233676e-03 2.948493495956437433e-04 6.019680945192934579e-06 1.240287147167265969e-04 1.871493573630254089e-04 7.836076225416927291e-03 1.665185666036664042e-04 2.006509160727233676e-03 2.948493495956437433e-04 6.019680945192934579e-06 1.240287147167265969e-04 1.871493573630254089e-04 7.836076225416927291e-03
1.190000000000000000e+04 1.682068735244004998e-04 1.996512123141652457e-03 3.125790326311540216e-04 6.126490883245535141e-06 1.214642080790293227e-04 1.828153280599310990e-04 7.803798794299408176e-03 1.682068735244004998e-04 1.996512123141652457e-03 3.125790326311540216e-04 6.126490883245535141e-06 1.214642080790293227e-04 1.828153280599310990e-04 7.803798794299408176e-03
1.225000000000000000e+04 1.706270746020580834e-04 1.979735443680242547e-03 3.129450775813911469e-04 6.058915166605279456e-06 1.236273399640285681e-04 1.806778855607915992e-04 7.810767437646228863e-03 1.706270746020580834e-04 1.979735443680242547e-03 3.129450775813911469e-04 6.058915166605279456e-06 1.236273399640285681e-04 1.806778855607915992e-04 7.810767437646228863e-03
1.260000000000000000e+04 1.728423305919479238e-04 1.978430164425179407e-03 3.127044448017546937e-04 6.048610622370058301e-06 1.237913903984929600e-04 1.773607492883138995e-04 7.810372669310000973e-03 1.728423305919479238e-04 1.978430164425179407e-03 3.127044448017546937e-04 6.048610622370058301e-06 1.237913903984929600e-04 1.773607492883138995e-04 7.810372669310000973e-03
1.295000000000000000e+04 1.743763801866430306e-04 1.977197561977530466e-03 3.124137950901844925e-04 6.046656092733285343e-06 1.237112808906865871e-04 1.750524212330890222e-04 7.810802010797129186e-03 1.743763801866430306e-04 1.977197561977530466e-03 3.124137950901844925e-04 6.046656092733285343e-06 1.237112808906865871e-04 1.750524212330890222e-04 7.810802010797129186e-03
1.330000000000000000e+04 1.760677420386724443e-04 1.975384894112335119e-03 3.141572518266719499e-04 6.028224619366355928e-06 1.236642171286778309e-04 1.727929653934025158e-04 7.809115268328167998e-03 1.760677420386724443e-04 1.975384894112335119e-03 3.141572518266719499e-04 6.028224619366355928e-06 1.236642171286778309e-04 1.727929653934025158e-04 7.809115268328167998e-03
1.365000000000000000e+04 2.006897086597436144e-04 1.977665012382111807e-03 3.085749567420552537e-04 2.537217446299294437e-06 1.089239522321148828e-04 1.873148597186079115e-04 7.845056724699031245e-03 2.006897086597436144e-04 1.977665012382111807e-03 3.085749567420552537e-04 2.537217446299294437e-06 1.089239522321148828e-04 1.873148597186079115e-04 7.845056724699031245e-03
1.400000000000000000e+04 1.724312710404942372e-04 1.977798595246473435e-03 3.161072766896968035e-04 7.620093613134004550e-06 1.243830755619655031e-04 1.756299660483116127e-04 7.804043049409526908e-03 1.724312710404942372e-04 1.977798595246473435e-03 3.161072766896968035e-04 7.620093613134004550e-06 1.243830755619655031e-04 1.756299660483116127e-04 7.804043049409526908e-03
1.435000000000000000e+04 1.844731450169783727e-04 1.993668865185351403e-03 3.070350533450019628e-04 3.370105737406228625e-06 1.206197826241484355e-04 1.730041231227960694e-04 7.852422214165735020e-03 1.844731450169783727e-04 1.993668865185351403e-03 3.070350533450019628e-04 3.370105737406228625e-06 1.206197826241484355e-04 1.730041231227960694e-04 7.852422214165735020e-03
1.470000000000000000e+04 1.737724891279846863e-04 1.966995937519194250e-03 3.180632576199412696e-04 6.335960254691358469e-06 1.399163827855897854e-04 1.732237555172555195e-04 7.796736862394470363e-03 1.737724891279846863e-04 1.966995937519194250e-03 3.180632576199412696e-04 6.335960254691358469e-06 1.399163827855897854e-04 1.732237555172555195e-04 7.796736862394470363e-03
1.505000000000000000e+04 2.096565259177419593e-04 1.956278817211471767e-03 3.200309402119788670e-04 4.618963115815141607e-06 3.126794138368700382e-05 2.245116520396522170e-04 7.971137758753991595e-03 2.096565259177419593e-04 1.956278817211471767e-03 3.200309402119788670e-04 4.618963115815141607e-06 3.126794138368700382e-05 2.245116520396522170e-04 7.971137758753991595e-03
1.540000000000000000e+04 1.776410596094511664e-04 1.977354677809608097e-03 3.138882744417128049e-04 5.090611895946093099e-06 1.119992759938911217e-04 1.719432081474496379e-04 7.817943710656097278e-03 1.776410596094511664e-04 1.977354677809608097e-03 3.138882744417128049e-04 5.090611895946093099e-06 1.119992759938911217e-04 1.719432081474496379e-04 7.817943710656097278e-03
1.575000000000000000e+04 1.592237744575723216e-04 1.990283306374177139e-03 3.110393660412901482e-04 9.253220535576213047e-06 1.094680196635399371e-04 2.298384114302127112e-04 7.821107881159529776e-03 1.592237744575723216e-04 1.990283306374177139e-03 3.110393660412901482e-04 9.253220535576213047e-06 1.094680196635399371e-04 2.298384114302127112e-04 7.821107881159529776e-03
1.610000000000000000e+04 1.924342035288573497e-04 1.977770262079832884e-03 3.146091132923599593e-04 5.241011824792459458e-06 8.078176564370312591e-05 1.709860135098794731e-04 7.848840851678497849e-03 1.924342035288573497e-04 1.977770262079832884e-03 3.146091132923599593e-04 5.241011824792459458e-06 8.078176564370312591e-05 1.709860135098794731e-04 7.848840851678497849e-03
1.645000000000000000e+04 3.277223938608024969e-04 2.035757718042868671e-03 2.772154064094438939e-04 2.715020731177082757e-05 1.842482287321378328e-04 5.754172465651093095e-04 8.024279763520162506e-03 3.277223938608024969e-04 2.035757718042868671e-03 2.772154064094438939e-04 2.715020731177082757e-05 1.842482287321378328e-04 5.754172465651093095e-04 8.024279763520162506e-03
1.680000000000000000e+04 1.584517228083102123e-04 1.998116824650160526e-03 2.732964907974345069e-04 5.936348401659159291e-06 1.274686777824580270e-04 2.105349228802595317e-04 7.900634133491497499e-03 1.584517228083102123e-04 1.998116824650160526e-03 2.732964907974345069e-04 5.936348401659159291e-06 1.274686777824580270e-04 2.105349228802595317e-04 7.900634133491497499e-03
1.715000000000000000e+04 1.617177485539968336e-04 2.007690862758556346e-03 2.875643650366736586e-04 5.971881994817232697e-06 1.248601582579972498e-04 1.952385151610428154e-04 7.852009423253685644e-03 1.617177485539968336e-04 2.007690862758556346e-03 2.875643650366736586e-04 5.971881994817232697e-06 1.248601582579972498e-04 1.952385151610428154e-04 7.852009423253685644e-03
1.750000000000000000e+04 1.656389141839193359e-04 2.001840685670214139e-03 3.052461756684375985e-04 6.043856022590457124e-06 1.224357745202543852e-04 1.857550130850928638e-04 7.814368045759535406e-03 1.656389141839193359e-04 2.001840685670214139e-03 3.052461756684375985e-04 6.043856022590457124e-06 1.224357745202543852e-04 1.857550130850928638e-04 7.814368045759535406e-03
1.785000000000000000e+04 1.679084988334751563e-04 1.976625398220827924e-03 3.149215157257432684e-04 5.662456975916605575e-06 1.182760726563015114e-04 1.846486286654192943e-04 7.814719080368426676e-03 1.679084988334751563e-04 1.976625398220827924e-03 3.149215157257432684e-04 5.662456975916605575e-06 1.182760726563015114e-04 1.846486286654192943e-04 7.814719080368426676e-03
1.820000000000000000e+04 1.708149036778498981e-04 1.977881482099710323e-03 3.160153109829492470e-04 5.969940004094960085e-06 1.236063673159876121e-04 1.790175151977490837e-04 7.803252098995372768e-03 1.708149036778498981e-04 1.977881482099710323e-03 3.160153109829492470e-04 5.969940004094960085e-06 1.236063673159876121e-04 1.790175151977490837e-04 7.803252098995372768e-03
1.855000000000000000e+04 1.736555388921061404e-04 1.975487034879543427e-03 3.166367958388875974e-04 5.972924510587813118e-06 1.236238107816676937e-04 1.751895435966694607e-04 7.803689937559908120e-03 1.736555388921061404e-04 1.975487034879543427e-03 3.166367958388875974e-04 5.972924510587813118e-06 1.236238107816676937e-04 1.751895435966694607e-04 7.803689937559908120e-03
1.890000000000000000e+04 1.755185863041015099e-04 1.973989426930966053e-03 3.170899090605527448e-04 6.016494139911942706e-06 1.236491219335261369e-04 1.728742775392903765e-04 7.803956854551241315e-03 1.755185863041015099e-04 1.973989426930966053e-03 3.170899090605527448e-04 6.016494139911942706e-06 1.236491219335261369e-04 1.728742775392903765e-04 7.803956854551241315e-03
1.925000000000000000e+04 1.625844766127636741e-04 1.986236675136461658e-03 3.063378619041516788e-04 7.903683860949326287e-06 1.250305425125091872e-04 2.016729521580456217e-04 7.807273783020277948e-03 1.625844766127636741e-04 1.986236675136461658e-03 3.063378619041516788e-04 7.903683860949326287e-06 1.250305425125091872e-04 2.016729521580456217e-04 7.807273783020277948e-03
1.960000000000000000e+04 1.745734596199758108e-04 1.990136849838429652e-03 3.224956230444122403e-04 7.970226747730294105e-06 1.893204806853818623e-04 1.747766385077980885e-04 7.817478024637392053e-03 1.745734596199758108e-04 1.990136849838429652e-03 3.224956230444122403e-04 7.970226747730294105e-06 1.893204806853818623e-04 1.747766385077980885e-04 7.817478024637392053e-03
1.995000000000000000e+04 1.819316408536826243e-04 1.971649943074038798e-03 3.189703381324734814e-04 5.314654691592206669e-06 1.272067654451735687e-04 1.707705870811360041e-04 7.798918001298809320e-03 1.819316408536826243e-04 1.971649943074038798e-03 3.189703381324734814e-04 5.314654691592206669e-06 1.272067654451735687e-04 1.707705870811360041e-04 7.798918001298809320e-03
2.030000000000000000e+04 1.809012972491075115e-04 1.969328421516646031e-03 3.246249710344876549e-04 5.660382480429026446e-06 9.408858883638085695e-05 1.697549673562573141e-04 7.875326980395882734e-03 1.809012972491075115e-04 1.969328421516646031e-03 3.246249710344876549e-04 5.660382480429026446e-06 9.408858883638085695e-05 1.697549673562573141e-04 7.875326980395882734e-03
2.065000000000000000e+04 1.789035803123734092e-04 1.972074469525487810e-03 3.180743081572966679e-04 5.529846692761228033e-06 1.192103035159303577e-04 1.701984673974782369e-04 7.807511124819714078e-03 1.789035803123734092e-04 1.972074469525487810e-03 3.180743081572966679e-04 5.529846692761228033e-06 1.192103035159303577e-04 1.701984673974782369e-04 7.807511124819714078e-03
2.100000000000000000e+04 1.618074287856305414e-04 1.979709919423468419e-03 3.229447696413286720e-04 1.251283664091011721e-05 1.599324571091460530e-04 2.048813270916279722e-04 7.765576113885936868e-03 1.618074287856305414e-04 1.979709919423468419e-03 3.229447696413286720e-04 1.251283664091011721e-05 1.599324571091460530e-04 2.048813270916279722e-04 7.765576113885936868e-03
2.135000000000000000e+04 1.813895699202679147e-04 1.971018457803665799e-03 3.184278787022576905e-04 5.320354566086109010e-06 1.161844391553681281e-04 1.693779180246837658e-04 7.810905564093944230e-03 1.813895699202679147e-04 1.971018457803665799e-03 3.184278787022576905e-04 5.320354566086109010e-06 1.161844391553681281e-04 1.693779180246837658e-04 7.810905564093944230e-03
2.170000000000000000e+04 1.826784192576025138e-04 1.971357358788144130e-03 3.167916694266843022e-04 4.761282499816874963e-06 1.144022987801753850e-04 1.696570943894750013e-04 7.813257492779016045e-03 1.826784192576025138e-04 1.971357358788144130e-03 3.167916694266843022e-04 4.761282499816874963e-06 1.144022987801753850e-04 1.696570943894750013e-04 7.813257492779016045e-03
2.205000000000000000e+04 1.767675203389130806e-04 1.977414447082347961e-03 3.148692314310516877e-04 6.637944007728502204e-06 1.468676740109454060e-04 1.702260815580036431e-04 7.781060559354446675e-03 1.767675203389130806e-04 1.977414447082347961e-03 3.148692314310516877e-04 6.637944007728502204e-06 1.468676740109454060e-04 1.702260815580036431e-04 7.781060559354446675e-03
2.240000000000000000e+04 1.962502910591246911e-04 1.968626671897382146e-03 3.215252220569279895e-04 6.185554773553787666e-07 2.780116368555459162e-06 1.774381096176881948e-04 8.122500618510348352e-03 1.962502910591246911e-04 1.968626671897382146e-03 3.215252220569279895e-04 6.185554773553787666e-07 2.780116368555459162e-06 1.774381096176881948e-04 8.122500618510348352e-03
2.275000000000000000e+04 1.767247264037031499e-04 1.976623593202487400e-03 3.204684541209226918e-04 6.513546822165733215e-06 1.522919516039125405e-04 1.701876758100121748e-04 7.771130721260902791e-03 1.767247264037031499e-04 1.976623593202487400e-03 3.204684541209226918e-04 6.513546822165733215e-06 1.522919516039125405e-04 1.701876758100121748e-04 7.771130721260902791e-03
2.310000000000000000e+04 2.039743527108338968e-04 1.963446177959314587e-03 3.157326933946390615e-04 1.287688588974017240e-06 7.221580269207928044e-05 1.935260571618785733e-04 7.869848512822305922e-03 2.039743527108338968e-04 1.963446177959314587e-03 3.157326933946390615e-04 1.287688588974017240e-06 7.221580269207928044e-05 1.935260571618785733e-04 7.869848512822305922e-03
2.345000000000000000e+04 1.759610163069589076e-04 1.991046990534186146e-03 3.102923433334618566e-04 5.362314045984997158e-06 1.071417494211184337e-04 1.757262786977084026e-04 7.832018504469963685e-03 1.759610163069589076e-04 1.991046990534186146e-03 3.102923433334618566e-04 5.362314045984997158e-06 1.071417494211184337e-04 1.757262786977084026e-04 7.832018504469963685e-03
2.380000000000000000e+04 1.977107999254566328e-04 2.070160939495023153e-03 2.911484576280264276e-04 4.089983385709313851e-05 1.824005668848073134e-04 1.941322052272018140e-04 7.707713047063819573e-03 1.977107999254566328e-04 2.070160939495023153e-03 2.911484576280264276e-04 4.089983385709313851e-05 1.824005668848073134e-04 1.941322052272018140e-04 7.707713047063819573e-03
2.415000000000000000e+04 1.713631013057439372e-04 1.978887367558713854e-03 3.209245041329038717e-04 7.911456853529174997e-06 1.456251654141386335e-04 1.759186495071670764e-04 7.773906530911760433e-03 1.713631013057439372e-04 1.978887367558713854e-03 3.209245041329038717e-04 7.911456853529174997e-06 1.456251654141386335e-04 1.759186495071670764e-04 7.773906530911760433e-03
2.450000000000000000e+04 1.682559936595213578e-04 1.989231173968048459e-03 3.272732822978167912e-04 6.221468498458520462e-06 1.073421952230043373e-04 2.039890191040063421e-04 7.798006909144932636e-03 1.682559936595213578e-04 1.989231173968048459e-03 3.272732822978167912e-04 6.221468498458520462e-06 1.073421952230043373e-04 2.039890191040063421e-04 7.798006909144932636e-03
2.485000000000000000e+04 1.669367701916061187e-04 1.999454184331428495e-03 3.147659757143815768e-04 9.006388067791071901e-06 9.971149958312932216e-05 1.976929146321233116e-04 7.810276323000624188e-03 1.669367701916061187e-04 1.999454184331428495e-03 3.147659757143815768e-04 9.006388067791071901e-06 9.971149958312932216e-05 1.976929146321233116e-04 7.810276323000624188e-03
2.520000000000000000e+04 1.629518277799566330e-04 1.989999126559185115e-03 3.036588276345529580e-04 6.080573700381411903e-06 1.221593882273225708e-04 1.996064034185376565e-04 7.830665141620739983e-03 1.629518277799566330e-04 1.989999126559185115e-03 3.036588276345529580e-04 6.080573700381411903e-06 1.221593882273225708e-04 1.996064034185376565e-04 7.830665141620739983e-03
2.555000000000000000e+04 1.633980619149298988e-04 1.976595533500894765e-03 3.168306566426264907e-04 5.980528624338773609e-06 1.231407580388350887e-04 1.901982579451200271e-04 7.804699907014604927e-03 1.633980619149298988e-04 1.976595533500894765e-03 3.168306566426264907e-04 5.980528624338773609e-06 1.231407580388350887e-04 1.901982579451200271e-04 7.804699907014604927e-03
2.590000000000000000e+04 1.689256708832969137e-04 1.975096173364753079e-03 3.163650440627719155e-04 5.979115255997604939e-06 1.236418657314576229e-04 1.813818236412519525e-04 7.802466842713136341e-03 1.689256708832969137e-04 1.975096173364753079e-03 3.163650440627719155e-04 5.979115255997604939e-06 1.236418657314576229e-04 1.813818236412519525e-04 7.802466842713136341e-03
2.625000000000000000e+04 1.726182721491070218e-04 1.975849079127677075e-03 3.162088605549026794e-04 5.977421542077867892e-06 1.235410786297501059e-04 1.765560888842086903e-04 7.800533930906088445e-03 1.726182721491070218e-04 1.975849079127677075e-03 3.162088605549026794e-04 5.977421542077867892e-06 1.235410786297501059e-04 1.765560888842086903e-04 7.800533930906088445e-03
2.660000000000000000e+04 1.732945502625053453e-04 1.975655855022355207e-03 3.163724243790967910e-04 6.535942092268803555e-06 1.240519000512225664e-04 1.748426551036700455e-04 7.799719391159165918e-03 1.732945502625053453e-04 1.975655855022355207e-03 3.163724243790967910e-04 6.535942092268803555e-06 1.240519000512225664e-04 1.748426551036700455e-04 7.799719391159165918e-03
2.695000000000000000e+04 1.759158728901410399e-04 1.975269441941010246e-03 3.176184850478449141e-04 5.950094638816685697e-06 1.234132861232482283e-04 1.726664319480449082e-04 7.798681103256439873e-03 1.759158728901410399e-04 1.975269441941010246e-03 3.176184850478449141e-04 5.950094638816685697e-06 1.234132861232482283e-04 1.726664319480449082e-04 7.798681103256439873e-03
2.730000000000000000e+04 2.130563852360910075e-04 1.973527398650571849e-03 3.076095115817922571e-04 1.624672484617405703e-08 9.955492406099066514e-05 2.422873994785556965e-04 7.833959946203698441e-03 2.130563852360910075e-04 1.973527398650571849e-03 3.076095115817922571e-04 1.624672484617405703e-08 9.955492406099066514e-05 2.422873994785556965e-04 7.833959946203698441e-03
2.765000000000000000e+04 1.768822581894299102e-04 1.974503701025957184e-03 3.182202102390756324e-04 5.931652565957072778e-06 1.233566905884741583e-04 1.716854214933778591e-04 7.798468040024549019e-03 1.768822581894299102e-04 1.974503701025957184e-03 3.182202102390756324e-04 5.931652565957072778e-06 1.233566905884741583e-04 1.716854214933778591e-04 7.798468040024549019e-03
2.800000000000000000e+04 1.720891166513994217e-04 1.965054274347166011e-03 3.231368615492155594e-04 9.479233703624242728e-06 1.097083028163618436e-04 1.761782440443742607e-04 7.820733102119697966e-03 1.720891166513994217e-04 1.965054274347166011e-03 3.231368615492155594e-04 9.479233703624242728e-06 1.097083028163618436e-04 1.761782440443742607e-04 7.820733102119697966e-03
2.835000000000000000e+04 1.768246929810251427e-04 1.977243899909865432e-03 3.145219440718605153e-04 4.667491905307300545e-06 1.115335085917427402e-04 1.734144331939557130e-04 7.812237041043595259e-03 1.768246929810251427e-04 1.977243899909865432e-03 3.145219440718605153e-04 4.667491905307300545e-06 1.115335085917427402e-04 1.734144331939557130e-04 7.812237041043595259e-03
2.870000000000000000e+04 1.713991119215425125e-04 1.973427498107065397e-03 3.225276313215792940e-04 9.865337052969814987e-06 1.387853924343441831e-04 1.744506693174362850e-04 7.782345569804260607e-03 1.713991119215425125e-04 1.973427498107065397e-03 3.225276313215792940e-04 9.865337052969814987e-06 1.387853924343441831e-04 1.744506693174362850e-04 7.782345569804260607e-03
2.905000000000000000e+04 1.921339735750593686e-04 1.963592805022054775e-03 3.167090526983247956e-04 5.110847350334215561e-07 8.605570578106689250e-05 1.833356970094152918e-04 7.850027303709128032e-03 1.921339735750593686e-04 1.963592805022054775e-03 3.167090526983247956e-04 5.110847350334215561e-07 8.605570578106689250e-05 1.833356970094152918e-04 7.850027303709128032e-03
2.940000000000000000e+04 1.778970472334592985e-04 1.974056883835846165e-03 3.201129789353695620e-04 5.341311579948167595e-06 1.254644447197798449e-04 1.713701053192001188e-04 7.794672584609882958e-03 1.778970472334592985e-04 1.974056883835846165e-03 3.201129789353695620e-04 5.341311579948167595e-06 1.254644447197798449e-04 1.713701053192001188e-04 7.794672584609882958e-03
2.975000000000000000e+04 1.817464208113665379e-04 1.975209501492800751e-03 3.192863441001125044e-04 6.825981316235630952e-06 1.302161879228390753e-04 1.702762165561716434e-04 7.788911400784379567e-03 1.817464208113665379e-04 1.975209501492800751e-03 3.192863441001125044e-04 6.825981316235630952e-06 1.302161879228390753e-04 1.702762165561716434e-04 7.788911400784379567e-03
3.010000000000000000e+04 1.700808525204303601e-04 1.966121676356840254e-03 3.180031363803857963e-04 1.997370192929997628e-05 2.190050191625563967e-04 1.658800807066920389e-04 7.731613281321025530e-03 1.700808525204303601e-04 1.966121676356840254e-03 3.180031363803857963e-04 1.997370192929997628e-05 2.190050191625563967e-04 1.658800807066920389e-04 7.731613281321025530e-03
3.045000000000000000e+04 1.838436959613752217e-04 1.979111123435596357e-03 3.125974841997687290e-04 7.206813760906756518e-06 1.355915739818489853e-04 1.737645579783881830e-04 7.787983146978141522e-03 1.838436959613752217e-04 1.979111123435596357e-03 3.125974841997687290e-04 7.206813760906756518e-06 1.355915739818489853e-04 1.737645579783881830e-04 7.787983146978141522e-03
3.080000000000000000e+04 1.786217788609043564e-04 1.981297668589399909e-03 3.180541068276348062e-04 1.242784725700988111e-05 1.723916970249967317e-04 1.690365257393556273e-04 7.755220164354791230e-03 1.786217788609043564e-04 1.981297668589399909e-03 3.180541068276348062e-04 1.242784725700988111e-05 1.723916970249967317e-04 1.690365257393556273e-04 7.755220164354791230e-03
3.115000000000000000e+04 2.112010507598687198e-04 1.978887388348445336e-03 3.334836859541911590e-04 4.615889544015249461e-06 1.403033202818442741e-04 2.238979815601767267e-04 7.770711553401027719e-03 2.112010507598687198e-04 1.978887388348445336e-03 3.334836859541911590e-04 4.615889544015249461e-06 1.403033202818442741e-04 2.238979815601767267e-04 7.770711553401027719e-03
3.150000000000000000e+04 1.817916479518766912e-04 1.971056954511512475e-03 3.167911329637816643e-04 5.239110015518176603e-06 1.279105482032865987e-04 1.723570728734692117e-04 7.797462389437253075e-03 1.817916479518766912e-04 1.971056954511512475e-03 3.167911329637816643e-04 5.239110015518176603e-06 1.279105482032865987e-04 1.723570728734692117e-04 7.797462389437253075e-03
3.185000000000000000e+04 1.766863389640761089e-04 1.975486335914714703e-03 3.175616432134463767e-04 5.946403855271110310e-06 1.230464413429731816e-04 1.715437453389427667e-04 7.797610922090937417e-03 1.766863389640761089e-04 1.975486335914714703e-03 3.175616432134463767e-04 5.946403855271110310e-06 1.230464413429731816e-04 1.715437453389427667e-04 7.797610922090937417e-03
3.220000000000000000e+04 1.816212502370102052e-04 1.975164185798294458e-03 3.207092178345751074e-04 1.877827321462277916e-06 8.148574573965927095e-05 1.753281929509647888e-04 7.840646442285133591e-03 1.816212502370102052e-04 1.975164185798294458e-03 3.207092178345751074e-04 1.877827321462277916e-06 8.148574573965927095e-05 1.753281929509647888e-04 7.840646442285133591e-03
3.255000000000000000e+04 2.070619093392704428e-04 1.953989542564588903e-03 3.289685753976269098e-04 3.751141800058574952e-07 1.126015807816145478e-04 2.215982625630746232e-04 7.838793530938987369e-03 2.070619093392704428e-04 1.953989542564588903e-03 3.289685753976269098e-04 3.751141800058574952e-07 1.126015807816145478e-04 2.215982625630746232e-04 7.838793530938987369e-03
3.290000000000000000e+04 1.902334092245669536e-03 2.052725338718581431e-03 3.388449213978706907e-04 5.465067317315398234e-04 3.220129902146186816e-04 1.894228854955587113e-02 8.658135451733139573e-03 1.902334092245669536e-03 2.052725338718581431e-03 3.388449213978706907e-04 5.465067317315398234e-04 3.220129902146186816e-04 1.894228854955587113e-02 8.658135451733139573e-03
3.325000000000000000e+04 1.645653882705289898e-04 1.984596061868109957e-03 3.169101201217405166e-04 6.072954609748315610e-06 1.221514334098003482e-04 1.904767174436575129e-04 7.802029231747558899e-03 1.645653882705289898e-04 1.984596061868109957e-03 3.169101201217405166e-04 6.072954609748315610e-06 1.221514334098003482e-04 1.904767174436575129e-04 7.802029231747558899e-03
3.360000000000000000e+04 1.691706350116924345e-04 1.979252165260007856e-03 3.174487393223933591e-04 5.985602500392915806e-06 1.234298506135312853e-04 1.823592738403243788e-04 7.799447092098787948e-03 1.691706350116924345e-04 1.979252165260007856e-03 3.174487393223933591e-04 5.985602500392915806e-06 1.234298506135312853e-04 1.823592738403243788e-04 7.799447092098787948e-03
3.395000000000000000e+04 1.729243447682228139e-04 1.979349130465054597e-03 3.173786664231850242e-04 5.986825750010089463e-06 1.234254717918357742e-04 1.767783925107126739e-04 7.797645829831898259e-03 1.729243447682228139e-04 1.979349130465054597e-03 3.173786664231850242e-04 5.986825750010089463e-06 1.234254717918357742e-04 1.767783925107126739e-04 7.797645829831898259e-03
3.430000000000000000e+04 1.753755490383468170e-04 1.978356246328455588e-03 3.178644385473176600e-04 5.965795651094208822e-06 1.233491873098035464e-04 1.734352996403598017e-04 7.797018893755359829e-03 1.753755490383468170e-04 1.978356246328455588e-03 3.178644385473176600e-04 5.965795651094208822e-06 1.233491873098035464e-04 1.734352996403598017e-04 7.797018893755359829e-03
3.465000000000000000e+04 1.769317503029787814e-04 1.977021815776676926e-03 3.182455955453458805e-04 5.977233696845778037e-06 1.234294038349534740e-04 1.713720384362275742e-04 7.797080626519345588e-03 1.769317503029787814e-04 1.977021815776676926e-03 3.182455955453458805e-04 5.977233696845778037e-06 1.234294038349534740e-04 1.713720384362275742e-04 7.797080626519345588e-03
3.500000000000000000e+04 1.774978781869771427e-04 1.975810840375933925e-03 3.178308343935423350e-04 6.018999663023324362e-06 1.232470851690250114e-04 1.704978281812126050e-04 7.798372523396489807e-03 1.774978781869771427e-04 1.975810840375933925e-03 3.178308343935423350e-04 6.018999663023324362e-06 1.232470851690250114e-04 1.704978281812126050e-04 7.798372523396489807e-03
