# step, loss_train, loss_test, metrics_test
0.000000000000000000e+00 4.220075112059675990e-03 8.343918469210653485e-03 1.109306788639535628e-03 9.997681048963391950e-03 4.080400000000000264e-12 2.937639999999999587e-11 1.512900000000000276e-10 1.260250000000000068e-09 1.373665859255758237e-01 1.139898268120544400e-01 5.818749154354140307e-01 2.326610029257438317e+00 4.220075112059675990e-03 8.343918469210653485e-03 1.109306788639535628e-03 9.997681048963391950e-03 4.080400000000000264e-12 2.937639999999999587e-11 1.512900000000000276e-10 1.260250000000000068e-09 1.373665859255758237e-01 1.139898268120544400e-01 5.818749154354140307e-01 2.326610029257438317e+00
3.500000000000000000e+02 2.505712106280752645e-03 1.061861908298972201e-02 2.133679656470126307e-02 4.897566284878102777e-02 1.248997063364531072e-06 1.999613718277383771e-05 2.858326116869777862e-04 2.544543579805142505e-03 2.277927140170340516e-03 9.325628505691458195e-03 1.341810646595842371e-02 1.541134671480660044e-02 2.505712106280752645e-03 1.061861908298972201e-02 2.133679656470126307e-02 4.897566284878102777e-02 1.248997063364531072e-06 1.999613718277383771e-05 2.858326116869777862e-04 2.544543579805142505e-03 2.277927140170340516e-03 9.325628505691458195e-03 1.341810646595842371e-02 1.541134671480660044e-02
7.000000000000000000e+02 1.666479479295646148e-03 1.012876580744582686e-02 2.266407295921240433e-02 5.164216836484296358e-02 6.136483497458229778e-06 8.333260853066933060e-06 2.231518454614142219e-04 2.683470952472281901e-03 3.669583410713319824e-03 6.533204646804283665e-03 1.026837839702222401e-02 1.590366520417249574e-02 1.666479479295646148e-03 1.012876580744582686e-02 2.266407295921240433e-02 5.164216836484296358e-02 6.136483497458229778e-06 8.333260853066933060e-06 2.231518454614142219e-04 2.683470952472281901e-03 3.669583410713319824e-03 6.533204646804283665e-03 1.026837839702222401e-02 1.590366520417249574e-02
1.050000000000000000e+03 1.605166358389258910e-03 8.687609938036676763e-03 1.976410225795909373e-02 5.488628254710486987e-02 3.452010509713188770e-07 1.583666228649547035e-05 2.913639775869169570e-04 2.705035603077544232e-03 1.177903820967559018e-03 5.989202678536269600e-03 9.407332535882034080e-03 1.512184616109358247e-02 1.605166358389258910e-03 8.687609938036676763e-03 1.976410225795909373e-02 5.488628254710486987e-02 3.452010509713188770e-07 1.583666228649547035e-05 2.913639775869169570e-04 2.705035603077544232e-03 1.177903820967559018e-03 5.989202678536269600e-03 9.407332535882034080e-03 1.512184616109358247e-02
1.400000000000000000e+03 1.574066554461210068e-03 8.456231427641151474e-03 1.940338444926997113e-02 5.568766231574952957e-02 5.938428021303986466e-08 1.281316744199691918e-05 2.847716924974814110e-04 2.734731770940792336e-03 1.002007110668836362e-03 5.789950353087958482e-03 9.033441431060815208e-03 1.511369199970645852e-02 1.574066554461210068e-03 8.456231427641151474e-03 1.940338444926997113e-02 5.568766231574952957e-02 5.938428021303986466e-08 1.281316744199691918e-05 2.847716924974814110e-04 2.734731770940792336e-03 1.002007110668836362e-03 5.789950353087958482e-03 9.033441431060815208e-03 1.511369199970645852e-02
1.750000000000000000e+03 1.562955644451811130e-03 8.196234999769069773e-03 1.889703259897551960e-02 5.646880183260102881e-02 3.852740026949044404e-09 1.198152844335988939e-05 2.799851263968806568e-04 2.727931639256617972e-03 9.695249274914135695e-04 5.707033737698299393e-03 8.992764831143725338e-03 1.504078621618728379e-02 1.562955644451811130e-03 8.196234999769069773e-03 1.889703259897551960e-02 5.646880183260102881e-02 3.852740026949044404e-09 1.198152844335988939e-05 2.799851263968806568e-04 2.727931639256617972e-03 9.695249274914135695e-04 5.707033737698299393e-03 8.992764831143725338e-03 1.504078621618728379e-02
2.100000000000000000e+03 1.574755555322970499e-03 7.858330772649597257e-03 1.887577646542835941e-02 5.671917718093113375e-02 1.187741221933920954e-07 1.333091646925693394e-05 2.685132241285421778e-04 2.739934945283644622e-03 9.626876171339259327e-04 5.677376799778141754e-03 8.914355874548004002e-03 1.508675677015821996e-02 1.574755555322970499e-03 7.858330772649597257e-03 1.887577646542835941e-02 5.671917718093113375e-02 1.187741221933920954e-07 1.333091646925693394e-05 2.685132241285421778e-04 2.739934945283644622e-03 9.626876171339259327e-04 5.677376799778141754e-03 8.914355874548004002e-03 1.508675677015821996e-02
2.450000000000000000e+03 1.504998798907812747e-03 7.878125990181630844e-03 1.901272713410728440e-02 5.664370872077630764e-02 1.930706100370155882e-08 1.037301273848388608e-05 2.552172932480599151e-04 2.772953339601255847e-03 9.335689806003041533e-04 5.523716048256852203e-03 8.818324505382335587e-03 1.520664980557158083e-02 1.504998798907812747e-03 7.878125990181630844e-03 1.901272713410728440e-02 5.664370872077630764e-02 1.930706100370155882e-08 1.037301273848388608e-05 2.552172932480599151e-04 2.772953339601255847e-03 9.335689806003041533e-04 5.523716048256852203e-03 8.818324505382335587e-03 1.520664980557158083e-02
2.800000000000000000e+03 1.550571426118984653e-03 7.352317933913069849e-03 1.900799715293017417e-02 5.704092915901904509e-02 6.934306666919418135e-07 2.148292726779250995e-05 2.435756725389354291e-04 2.754154285326827246e-03 9.137170894797214636e-04 5.712637367865060906e-03 8.735594884465180954e-03 1.522782387388960795e-02 1.550571426118984653e-03 7.352317933913069849e-03 1.900799715293017417e-02 5.704092915901904509e-02 6.934306666919418135e-07 2.148292726779250995e-05 2.435756725389354291e-04 2.754154285326827246e-03 9.137170894797214636e-04 5.712637367865060906e-03 8.735594884465180954e-03 1.522782387388960795e-02
3.150000000000000000e+03 1.492289874140476959e-03 7.769069405181250505e-03 1.858707746240619713e-02 5.716223558195620419e-02 8.702339243467247028e-08 9.747280792906243551e-06 2.455295087369001815e-04 2.758269472017204228e-03 9.120310794600349023e-04 5.338220040593926949e-03 8.787215046273298691e-03 1.527799251141447913e-02 1.492289874140476959e-03 7.769069405181250505e-03 1.858707746240619713e-02 5.716223558195620419e-02 8.702339243467247028e-08 9.747280792906243551e-06 2.455295087369001815e-04 2.758269472017204228e-03 9.120310794600349023e-04 5.338220040593926949e-03 8.787215046273298691e-03 1.527799251141447913e-02
3.500000000000000000e+03 1.492285603774026964e-03 7.827069844521755346e-03 1.877430438798811940e-02 5.704686020894955689e-02 2.988357648337954973e-08 6.519738965043893477e-06 2.297461966039738429e-04 2.780500533406835180e-03 9.024092249073276378e-04 5.255826160137601864e-03 8.625550029513118569e-03 1.540495958769937113e-02 1.492285603774026964e-03 7.827069844521755346e-03 1.877430438798811940e-02 5.704686020894955689e-02 2.988357648337954973e-08 6.519738965043893477e-06 2.297461966039738429e-04 2.780500533406835180e-03 9.024092249073276378e-04 5.255826160137601864e-03 8.625550029513118569e-03 1.540495958769937113e-02
3.850000000000000000e+03 1.551289400221113161e-03 8.440223961179901466e-03 1.782607315925767780e-02 5.675838653121702965e-02 1.435099787443585777e-05 6.825080800449070515e-07 2.581826380102333245e-04 2.920672303627777026e-03 1.174710815290360214e-03 5.143027529028561945e-03 8.968768136344814138e-03 1.598197000059181638e-02 1.551289400221113161e-03 8.440223961179901466e-03 1.782607315925767780e-02 5.675838653121702965e-02 1.435099787443585777e-05 6.825080800449070515e-07 2.581826380102333245e-04 2.920672303627777026e-03 1.174710815290360214e-03 5.143027529028561945e-03 8.968768136344814138e-03 1.598197000059181638e-02
4.200000000000000000e+03 1.507007388531710589e-03 8.483755742923780596e-03 1.720168094664202563e-02 5.798680836023741708e-02 6.178359544805530659e-06 3.446036748736090049e-08 2.634555634507599578e-04 2.758205347196326929e-03 1.108768686831639516e-03 5.050793740694415127e-03 9.145490590045990409e-03 1.527837997664509631e-02 1.507007388531710589e-03 8.483755742923780596e-03 1.720168094664202563e-02 5.798680836023741708e-02 6.178359544805530659e-06 3.446036748736090049e-08 2.634555634507599578e-04 2.758205347196326929e-03 1.108768686831639516e-03 5.050793740694415127e-03 9.145490590045990409e-03 1.527837997664509631e-02
4.550000000000000000e+03 1.508734463632731022e-03 7.466687482627016974e-03 1.807857677562883444e-02 5.802619905795534244e-02 5.497560683275125928e-08 1.977020449470472764e-05 2.583998135044489482e-04 2.672721393727707853e-03 9.109795910867602873e-04 5.383000311013499441e-03 8.842189179228431006e-03 1.511595614627076617e-02 1.508734463632731022e-03 7.466687482627016974e-03 1.807857677562883444e-02 5.802619905795534244e-02 5.497560683275125928e-08 1.977020449470472764e-05 2.583998135044489482e-04 2.672721393727707853e-03 9.109795910867602873e-04 5.383000311013499441e-03 8.842189179228431006e-03 1.511595614627076617e-02
4.900000000000000000e+03 1.474761265939431281e-03 8.419379816160315819e-03 1.726955949064445939e-02 5.720623775073380157e-02 1.044313772769820716e-07 1.177677545105590422e-06 2.565579813114795345e-04 2.921976879171069019e-03 8.827061869238453547e-04 5.070236581883503721e-03 9.182958340838542899e-03 1.591310479158037153e-02 1.474761265939431281e-03 8.419379816160315819e-03 1.726955949064445939e-02 5.720623775073380157e-02 1.044313772769820716e-07 1.177677545105590422e-06 2.565579813114795345e-04 2.921976879171069019e-03 8.827061869238453547e-04 5.070236581883503721e-03 9.182958340838542899e-03 1.591310479158037153e-02
5.250000000000000000e+03 1.502851262679548612e-03 7.726944815152854418e-03 1.770502011987330759e-02 5.784425289307829759e-02 1.022918058826703151e-06 8.078524863502667373e-06 2.637878987844159522e-04 2.746059845186965033e-03 8.915481945967105269e-04 5.216291136110383884e-03 8.990530919598917897e-03 1.536788710548945940e-02 1.502851262679548612e-03 7.726944815152854418e-03 1.770502011987330759e-02 5.784425289307829759e-02 1.022918058826703151e-06 8.078524863502667373e-06 2.637878987844159522e-04 2.746059845186965033e-03 8.915481945967105269e-04 5.216291136110383884e-03 8.990530919598917897e-03 1.536788710548945940e-02
5.600000000000000000e+03 1.495371978956008601e-03 7.600015678139402167e-03 1.809971854152473553e-02 5.784477461831492168e-02 5.064820203782619799e-08 9.435898141335966806e-06 2.427751253094682926e-04 2.720183349255358290e-03 8.911604239564196658e-04 5.216674442365652059e-03 8.770046164647682732e-03 1.533290021717036503e-02 1.495371978956008601e-03 7.600015678139402167e-03 1.809971854152473553e-02 5.784477461831492168e-02 5.064820203782619799e-08 9.435898141335966806e-06 2.427751253094682926e-04 2.720183349255358290e-03 8.911604239564196658e-04 5.216674442365652059e-03 8.770046164647682732e-03 1.533290021717036503e-02
5.950000000000000000e+03 1.512653900675297669e-03 7.373816976740756902e-03 1.858470507514628153e-02 5.702118410486083089e-02 1.508303655610894558e-07 2.012774194959501272e-05 2.408684863791667446e-04 2.807800534482990037e-03 9.074435182023336561e-04 5.330081196564175929e-03 8.713261117434570671e-03 1.580153768644697310e-02 1.512653900675297669e-03 7.373816976740756902e-03 1.858470507514628153e-02 5.702118410486083089e-02 1.508303655610894558e-07 2.012774194959501272e-05 2.408684863791667446e-04 2.807800534482990037e-03 9.074435182023336561e-04 5.330081196564175929e-03 8.713261117434570671e-03 1.580153768644697310e-02
6.300000000000000000e+03 1.496881485526807380e-03 7.442571481288446852e-03 1.868354895156323914e-02 5.801697149161637312e-02 9.884819946520582727e-08 1.918063415951267573e-05 2.331928778852132675e-04 2.593521565245113843e-03 8.842528864478352508e-04 5.234432171798559554e-03 8.534421785241658523e-03 1.513299467363641952e-02 1.496881485526807380e-03 7.442571481288446852e-03 1.868354895156323914e-02 5.801697149161637312e-02 9.884819946520582727e-08 1.918063415951267573e-05 2.331928778852132675e-04 2.593521565245113843e-03 8.842528864478352508e-04 5.234432171798559554e-03 8.534421785241658523e-03 1.513299467363641952e-02
6.650000000000000000e+03 1.486940168779875455e-03 7.520707444881997300e-03 1.842554322374656203e-02 5.767984430218160014e-02 4.603383490312911585e-09 1.090989082663382364e-05 2.304747015165596212e-04 2.709506242084875997e-03 8.944226706900321264e-04 5.212349029173536652e-03 8.667015559792719259e-03 1.538031031988402672e-02 1.486940168779875455e-03 7.520707444881997300e-03 1.842554322374656203e-02 5.767984430218160014e-02 4.603383490312911585e-09 1.090989082663382364e-05 2.304747015165596212e-04 2.709506242084875997e-03 8.944226706900321264e-04 5.212349029173536652e-03 8.667015559792719259e-03 1.538031031988402672e-02
7.000000000000000000e+03 1.580495057878016302e-03 7.116560763997874586e-03 1.793610363360689103e-02 5.875606368219536690e-02 5.690159208358982309e-06 4.483806183694729225e-05 2.841645170417415054e-04 2.503672718348738755e-03 9.673261018781412462e-04 5.550324384743925664e-03 8.800499483744840881e-03 1.494086572756223551e-02 1.580495057878016302e-03 7.116560763997874586e-03 1.793610363360689103e-02 5.875606368219536690e-02 5.690159208358982309e-06 4.483806183694729225e-05 2.841645170417415054e-04 2.503672718348738755e-03 9.673261018781412462e-04 5.550324384743925664e-03 8.800499483744840881e-03 1.494086572756223551e-02
7.350000000000000000e+03 1.488920244511849266e-03 7.530074879587917575e-03 1.806432473096555164e-02 5.789299257645343783e-02 6.688050616990833388e-08 9.887354684782204356e-06 2.424000103645311023e-04 2.716369061117690498e-03 8.926514510934034641e-04 5.209777879340778649e-03 8.773090788655018776e-03 1.537282696931437966e-02 1.488920244511849266e-03 7.530074879587917575e-03 1.806432473096555164e-02 5.789299257645343783e-02 6.688050616990833388e-08 9.887354684782204356e-06 2.424000103645311023e-04 2.716369061117690498e-03 8.926514510934034641e-04 5.209777879340778649e-03 8.773090788655018776e-03 1.537282696931437966e-02
7.700000000000000000e+03 1.490192720861447133e-03 7.930656561738058316e-03 1.681606465070273684e-02 5.865122754475491501e-02 3.759890256010725299e-08 1.212350065188746043e-07 2.657096904862244987e-04 2.809309394168996339e-03 8.881807793317325270e-04 5.132114765212916589e-03 9.225916016337465039e-03 1.515248029168487706e-02 1.490192720861447133e-03 7.930656561738058316e-03 1.681606465070273684e-02 5.865122754475491501e-02 3.759890256010725299e-08 1.212350065188746043e-07 2.657096904862244987e-04 2.809309394168996339e-03 8.881807793317325270e-04 5.132114765212916589e-03 9.225916016337465039e-03 1.515248029168487706e-02
8.050000000000000000e+03 1.481198327402702582e-03 7.589393534672911681e-03 1.800007260250715418e-02 5.798076996040731762e-02 3.997932460315224413e-08 7.452701714870903072e-06 2.373963289147099911e-04 2.705545453600176689e-03 8.948974807180914938e-04 5.178244008214745106e-03 8.772576964846064834e-03 1.533308531934740593e-02 1.481198327402702582e-03 7.589393534672911681e-03 1.800007260250715418e-02 5.798076996040731762e-02 3.997932460315224413e-08 7.452701714870903072e-06 2.373963289147099911e-04 2.705545453600176689e-03 8.948974807180914938e-04 5.178244008214745106e-03 8.772576964846064834e-03 1.533308531934740593e-02
8.400000000000000000e+03 1.494648392257903573e-03 7.837730583155917002e-03 1.629240774337241404e-02 5.986618096109938558e-02 5.427000289061436756e-07 4.313521988294125422e-06 2.839841762043146859e-04 2.662854353886320510e-03 9.063078943133747335e-04 5.201298100668137921e-03 9.365310550527899264e-03 1.462989731354024346e-02 1.494648392257903573e-03 7.837730583155917002e-03 1.629240774337241404e-02 5.986618096109938558e-02 5.427000289061436756e-07 4.313521988294125422e-06 2.839841762043146859e-04 2.662854353886320510e-03 9.063078943133747335e-04 5.201298100668137921e-03 9.365310550527899264e-03 1.462989731354024346e-02
8.750000000000000000e+03 1.481406870344453841e-03 7.597141419556276837e-03 1.816022163484688409e-02 5.810209751452034138e-02 5.520457136282293491e-06 1.600347567507755955e-05 2.380888009219462112e-04 2.635237360792127420e-03 9.687434657749352139e-04 5.156176214697772743e-03 8.685836530722284426e-03 1.521033822584679993e-02 1.481406870344453841e-03 7.597141419556276837e-03 1.816022163484688409e-02 5.810209751452034138e-02 5.520457136282293491e-06 1.600347567507755955e-05 2.380888009219462112e-04 2.635237360792127420e-03 9.687434657749352139e-04 5.156176214697772743e-03 8.685836530722284426e-03 1.521033822584679993e-02
9.100000000000000000e+03 1.443280920667361703e-03 7.820088468626446021e-03 1.801971532315767635e-02 5.809883072058599773e-02 5.048395627704196234e-07 7.270129987472135004e-06 2.127029623501444492e-04 2.589572288216684514e-03 9.812859255305581528e-04 5.079070690725693421e-03 8.728663419007685539e-03 1.528422342227316218e-02 1.443280920667361703e-03 7.820088468626446021e-03 1.801971532315767635e-02 5.809883072058599773e-02 5.048395627704196234e-07 7.270129987472135004e-06 2.127029623501444492e-04 2.589572288216684514e-03 9.812859255305581528e-04 5.079070690725693421e-03 8.728663419007685539e-03 1.528422342227316218e-02
9.450000000000000000e+03 1.445544787851195086e-03 7.709333249334105083e-03 1.812876206567371612e-02 5.787191046791566318e-02 1.410866038846425368e-06 1.333659633598805406e-05 2.245365307172335399e-04 2.633562585426393442e-03 1.027271491093703637e-03 5.115324852517961693e-03 8.712002680802528876e-03 1.538610473137027972e-02 1.445544787851195086e-03 7.709333249334105083e-03 1.812876206567371612e-02 5.787191046791566318e-02 1.410866038846425368e-06 1.333659633598805406e-05 2.245365307172335399e-04 2.633562585426393442e-03 1.027271491093703637e-03 5.115324852517961693e-03 8.712002680802528876e-03 1.538610473137027972e-02
9.800000000000000000e+03 1.482476071556042925e-03 7.508245027425186451e-03 1.807751412367062868e-02 5.774606757190332146e-02 2.492589276200999782e-07 1.068248504740826509e-05 2.427879551034649091e-04 2.743815265694189882e-03 8.963039709934390691e-04 5.210744309946129318e-03 8.761715833605151701e-03 1.543627983796196437e-02 1.482476071556042925e-03 7.508245027425186451e-03 1.807751412367062868e-02 5.774606757190332146e-02 2.492589276200999782e-07 1.068248504740826509e-05 2.427879551034649091e-04 2.743815265694189882e-03 8.963039709934390691e-04 5.210744309946129318e-03 8.761715833605151701e-03 1.543627983796196437e-02
1.015000000000000000e+04 1.483656494042258139e-03 7.690396283383364034e-03 1.788473269994721518e-02 5.792963348235538601e-02 3.785800200837822433e-06 2.112038201067441442e-06 2.169257379830172533e-04 2.639042958339680913e-03 8.912420614077249227e-04 5.130002202421621825e-03 8.824157732890882538e-03 1.542328936488493972e-02 1.483656494042258139e-03 7.690396283383364034e-03 1.788473269994721518e-02 5.792963348235538601e-02 3.785800200837822433e-06 2.112038201067441442e-06 2.169257379830172533e-04 2.639042958339680913e-03 8.912420614077249227e-04 5.130002202421621825e-03 8.824157732890882538e-03 1.542328936488493972e-02
1.050000000000000000e+04 1.556273949202301122e-03 6.881439422850251821e-03 1.932171292431124343e-02 5.745594865611600849e-02 2.673528099462533218e-06 1.615093860533849807e-05 2.555979339549471112e-04 2.694895700096261015e-03 8.843281499882615915e-04 5.513594478304922712e-03 8.428695921781824418e-03 1.533599401870274631e-02 1.556273949202301122e-03 6.881439422850251821e-03 1.932171292431124343e-02 5.745594865611600849e-02 2.673528099462533218e-06 1.615093860533849807e-05 2.555979339549471112e-04 2.694895700096261015e-03 8.843281499882615915e-04 5.513594478304922712e-03 8.428695921781824418e-03 1.533599401870274631e-02
1.085000000000000000e+04 1.489209976717174606e-03 7.489982715902845749e-03 1.768959584276938446e-02 5.842707361596163884e-02 1.099770011383305948e-08 1.152475134993678772e-05 2.535511931534801069e-04 2.627309396239108780e-03 8.967731121079882718e-04 5.234325198578414738e-03 8.837573254258868777e-03 1.508087266336080937e-02 1.489209976717174606e-03 7.489982715902845749e-03 1.768959584276938446e-02 5.842707361596163884e-02 1.099770011383305948e-08 1.152475134993678772e-05 2.535511931534801069e-04 2.627309396239108780e-03 8.967731121079882718e-04 5.234325198578414738e-03 8.837573254258868777e-03 1.508087266336080937e-02
1.120000000000000000e+04 1.452930351483758828e-03 7.730584113822466623e-03 1.782890830616125702e-02 5.793403373653031874e-02 1.948432837234051143e-06 5.587278482452016948e-06 2.332988685308604059e-04 2.669923547985991914e-03 9.674594027259070337e-04 5.118143839962255477e-03 8.790873624704768213e-03 1.521416904683708243e-02 1.452930351483758828e-03 7.730584113822466623e-03 1.782890830616125702e-02 5.793403373653031874e-02 1.948432837234051143e-06 5.587278482452016948e-06 2.332988685308604059e-04 2.669923547985991914e-03 9.674594027259070337e-04 5.118143839962255477e-03 8.790873624704768213e-03 1.521416904683708243e-02
1.155000000000000000e+04 1.518372103524550949e-03 7.112897005969599784e-03 1.784187233963242455e-02 5.781726986017047404e-02 7.218080486607107816e-07 3.315061937391138432e-05 2.850935280533331995e-04 2.617379175139007003e-03 8.999090082723721056e-04 5.475300396530185208e-03 8.850930185077598988e-03 1.513367920640003479e-02 1.518372103524550949e-03 7.112897005969599784e-03 1.784187233963242455e-02 5.781726986017047404e-02 7.218080486607107816e-07 3.315061937391138432e-05 2.850935280533331995e-04 2.617379175139007003e-03 8.999090082723721056e-04 5.475300396530185208e-03 8.850930185077598988e-03 1.513367920640003479e-02
1.190000000000000000e+04 1.908122712638856073e-03 6.850362913558770764e-03 1.331030285249854700e-02 3.901919170847328172e-02 3.911261703795560943e-05 3.481847622244187672e-05 1.302580496050658422e-05 2.623999473620606724e-04 2.107342588816361016e-03 6.072258991318951922e-03 1.128514425176248628e-02 1.434875770028588848e-02 1.908122712638856073e-03 6.850362913558770764e-03 1.331030285249854700e-02 3.901919170847328172e-02 3.911261703795560943e-05 3.481847622244187672e-05 1.302580496050658422e-05 2.623999473620606724e-04 2.107342588816361016e-03 6.072258991318951922e-03 1.128514425176248628e-02 1.434875770028588848e-02
1.225000000000000000e+04 1.347258218784915798e-03 6.261301137689825186e-03 1.066369007049888795e-02 2.126634268927101931e-02 4.265423856706093011e-07 1.168563985923332358e-07 3.776809689362176345e-06 4.783240669410411431e-06 8.668796353161681420e-04 5.321370460507265747e-03 1.174020557448975099e-02 2.416066997664542346e-02 1.347258218784915798e-03 6.261301137689825186e-03 1.066369007049888795e-02 2.126634268927101931e-02 4.265423856706093011e-07 1.168563985923332358e-07 3.776809689362176345e-06 4.783240669410411431e-06 8.668796353161681420e-04 5.321370460507265747e-03 1.174020557448975099e-02 2.416066997664542346e-02
1.260000000000000000e+04 1.309073406616656585e-03 6.161078897977467946e-03 1.071812655735408099e-02 2.069618063956953080e-02 2.632552536612106559e-08 3.423109655097016493e-10 2.398141422458782243e-07 1.308692164627781694e-08 8.466362490056704698e-04 5.262971651052366501e-03 1.082778848044502196e-02 2.525020398508616426e-02 1.309073406616656585e-03 6.161078897977467946e-03 1.071812655735408099e-02 2.069618063956953080e-02 2.632552536612106559e-08 3.423109655097016493e-10 2.398141422458782243e-07 1.308692164627781694e-08 8.466362490056704698e-04 5.262971651052366501e-03 1.082778848044502196e-02 2.525020398508616426e-02
1.295000000000000000e+04 1.299008839662463841e-03 6.040192073797456644e-03 1.065911624220369086e-02 2.082859133321218054e-02 5.309472342801472571e-12 2.759049846262668223e-08 4.446447872120672620e-09 1.000580812815474860e-08 8.272542069571999987e-04 5.216066772177251065e-03 1.054402653074829749e-02 2.559414976441473644e-02 1.299008839662463841e-03 6.040192073797456644e-03 1.065911624220369086e-02 2.082859133321218054e-02 5.309472342801472571e-12 2.759049846262668223e-08 4.446447872120672620e-09 1.000580812815474860e-08 8.272542069571999987e-04 5.216066772177251065e-03 1.054402653074829749e-02 2.559414976441473644e-02
1.330000000000000000e+04 1.278854303974823452e-03 6.531381732648606012e-03 9.378754870723635118e-03 2.122488624827477410e-02 5.151811716786011844e-08 2.096050899156370255e-05 7.360059838566659594e-07 1.935692037110068300e-06 8.263822348818040736e-04 5.156928259939075332e-03 1.064920074326124004e-02 2.629028034859545032e-02 1.278854303974823452e-03 6.531381732648606012e-03 9.378754870723635118e-03 2.122488624827477410e-02 5.151811716786011844e-08 2.096050899156370255e-05 7.360059838566659594e-07 1.935692037110068300e-06 8.263822348818040736e-04 5.156928259939075332e-03 1.064920074326124004e-02 2.629028034859545032e-02
1.365000000000000000e+04 1.295781458392205676e-03 5.983258453656574959e-03 1.052295447404501261e-02 2.106557469577206507e-02 4.055548157500607225e-07 1.391053823407431268e-07 3.900169101745573261e-08 5.354362145260074732e-09 8.190374088522100072e-04 5.160086956480194019e-03 1.039085391978619363e-02 2.575514321075604920e-02 1.295781458392205676e-03 5.983258453656574959e-03 1.052295447404501261e-02 2.106557469577206507e-02 4.055548157500607225e-07 1.391053823407431268e-07 3.900169101745573261e-08 5.354362145260074732e-09 8.190374088522100072e-04 5.160086956480194019e-03 1.039085391978619363e-02 2.575514321075604920e-02
1.400000000000000000e+04 1.284903223221575339e-03 6.011511347486718851e-03 1.059050314373288781e-02 2.090170498416930520e-02 5.426553558039768348e-07 2.145906327641414687e-06 9.542640651569665328e-07 2.877920966310824247e-08 8.150602427839769969e-04 5.144955201526541649e-03 1.033886163423048017e-02 2.590076995340591381e-02 1.284903223221575339e-03 6.011511347486718851e-03 1.059050314373288781e-02 2.090170498416930520e-02 5.426553558039768348e-07 2.145906327641414687e-06 9.542640651569665328e-07 2.877920966310824247e-08 8.150602427839769969e-04 5.144955201526541649e-03 1.033886163423048017e-02 2.590076995340591381e-02
1.435000000000000000e+04 1.255264240965719676e-03 5.959102274076601667e-03 1.032571671800441154e-02 2.138745236023564811e-02 1.040236420159890203e-05 1.162204506988424244e-07 1.288508222655218522e-06 7.667415279350983036e-06 8.626768505114425700e-04 5.133913729675727323e-03 1.038237593673027245e-02 2.573555920013737355e-02 1.255264240965719676e-03 5.959102274076601667e-03 1.032571671800441154e-02 2.138745236023564811e-02 1.040236420159890203e-05 1.162204506988424244e-07 1.288508222655218522e-06 7.667415279350983036e-06 8.626768505114425700e-04 5.133913729675727323e-03 1.038237593673027245e-02 2.573555920013737355e-02
1.470000000000000000e+04 1.323536814864937619e-03 5.842190730440741456e-03 1.067391443431002160e-02 2.099911601145719106e-02 7.025205640395583457e-07 5.849062396999280346e-06 3.960368506319067352e-08 1.559208816368171808e-06 7.791180396143893277e-04 5.219804980923367470e-03 1.031447998466428727e-02 2.582840987684464559e-02 1.323536814864937619e-03 5.842190730440741456e-03 1.067391443431002160e-02 2.099911601145719106e-02 7.025205640395583457e-07 5.849062396999280346e-06 3.960368506319067352e-08 1.559208816368171808e-06 7.791180396143893277e-04 5.219804980923367470e-03 1.031447998466428727e-02 2.582840987684464559e-02
1.505000000000000000e+04 1.303556753015741544e-03 6.012754630633650697e-03 8.902182233243799078e-03 2.274438680707535285e-02 2.765410208231143516e-05 1.946016415848471126e-07 2.282680179636028788e-05 3.686662613869494999e-08 1.199622203271859863e-03 5.232330484361735062e-03 1.092355107475960138e-02 2.570346560234924166e-02 1.303556753015741544e-03 6.012754630633650697e-03 8.902182233243799078e-03 2.274438680707535285e-02 2.765410208231143516e-05 1.946016415848471126e-07 2.282680179636028788e-05 3.686662613869494999e-08 1.199622203271859863e-03 5.232330484361735062e-03 1.092355107475960138e-02 2.570346560234924166e-02
1.540000000000000000e+04 1.297924929897273328e-03 5.817761662317664541e-03 1.058931690387621832e-02 2.101002576831347349e-02 1.033132082434377523e-07 2.882865240867386485e-07 7.411418174210380864e-08 1.735323018830842329e-07 8.255024702024460828e-04 5.152218622878622888e-03 1.036909718122260189e-02 2.590753633828194596e-02 1.297924929897273328e-03 5.817761662317664541e-03 1.058931690387621832e-02 2.101002576831347349e-02 1.033132082434377523e-07 2.882865240867386485e-07 7.411418174210380864e-08 1.735323018830842329e-07 8.255024702024460828e-04 5.152218622878622888e-03 1.036909718122260189e-02 2.590753633828194596e-02
1.575000000000000000e+04 1.284569372626249680e-03 6.142014108441415030e-03 1.044683611565480445e-02 2.084492610854834366e-02 1.153384979099717302e-07 1.033410635269414609e-05 1.342268291775567622e-06 9.411790074862705628e-07 8.193830991340477843e-04 5.104591761170795133e-03 1.032522077829516570e-02 2.605293158742537710e-02 1.284569372626249680e-03 6.142014108441415030e-03 1.044683611565480445e-02 2.084492610854834366e-02 1.153384979099717302e-07 1.033410635269414609e-05 1.342268291775567622e-06 9.411790074862705628e-07 8.193830991340477843e-04 5.104591761170795133e-03 1.032522077829516570e-02 2.605293158742537710e-02
1.610000000000000000e+04 1.309402072464367931e-03 5.854274700635236049e-03 1.039725327097721502e-02 2.081613526137687104e-02 2.793160726404045984e-06 6.384813534975367350e-06 3.551739783096725888e-06 1.299743970382676936e-05 8.293117622287314149e-04 5.089044855010425340e-03 1.046572523982417999e-02 2.624399059572224760e-02 1.309402072464367931e-03 5.854274700635236049e-03 1.039725327097721502e-02 2.081613526137687104e-02 2.793160726404045984e-06 6.384813534975367350e-06 3.551739783096725888e-06 1.299743970382676936e-05 8.293117622287314149e-04 5.089044855010425340e-03 1.046572523982417999e-02 2.624399059572224760e-02
1.645000000000000000e+04 1.297227096202968090e-03 5.846549272889311338e-03 1.048428387107955793e-02 2.082292978461632374e-02 4.261411661557474129e-06 8.329481952127116728e-08 1.371393594070657967e-07 4.344066881985918904e-07 9.008759825511032876e-04 5.182797543351809130e-03 1.049211448966975470e-02 2.603371271975426365e-02 1.297227096202968090e-03 5.846549272889311338e-03 1.048428387107955793e-02 2.082292978461632374e-02 4.261411661557474129e-06 8.329481952127116728e-08 1.371393594070657967e-07 4.344066881985918904e-07 9.008759825511032876e-04 5.182797543351809130e-03 1.049211448966975470e-02 2.603371271975426365e-02
1.680000000000000000e+04 1.280193383027275478e-03 5.913168417252361031e-03 1.058831335468422841e-02 2.099585482803064534e-02 2.136830675223649750e-06 7.366702897182473922e-07 7.371141665189167022e-11 1.471077963000871475e-07 8.339204967444801154e-04 5.131642680590678060e-03 1.037083999415321783e-02 2.584870529401292125e-02 1.280193383027275478e-03 5.913168417252361031e-03 1.058831335468422841e-02 2.099585482803064534e-02 2.136830675223649750e-06 7.366702897182473922e-07 7.371141665189167022e-11 1.471077963000871475e-07 8.339204967444801154e-04 5.131642680590678060e-03 1.037083999415321783e-02 2.584870529401292125e-02
1.715000000000000000e+04 1.273420689871730422e-03 6.204916708944788716e-03 9.992884450920756084e-03 2.142515556138580024e-02 1.050044096713864313e-06 2.513508618914852966e-05 6.913687663140022561e-05 2.842935825826166040e-06 8.174227569115758915e-04 5.097140673875990603e-03 1.057843659567752476e-02 2.580412347264503248e-02 1.273420689871730422e-03 6.204916708944788716e-03 9.992884450920756084e-03 2.142515556138580024e-02 1.050044096713864313e-06 2.513508618914852966e-05 6.913687663140022561e-05 2.842935825826166040e-06 8.174227569115758915e-04 5.097140673875990603e-03 1.057843659567752476e-02 2.580412347264503248e-02
1.750000000000000000e+04 1.290698972571955976e-03 5.926619335548496265e-03 1.084181204655961135e-02 2.053109214823510206e-02 1.128098776718117342e-06 1.245076223457578408e-06 1.876146071971718172e-06 2.569765375292541906e-07 8.196640934064722316e-04 5.159577586322012036e-03 1.034304301396730789e-02 2.610552322722198629e-02 1.290698972571955976e-03 5.926619335548496265e-03 1.084181204655961135e-02 2.053109214823510206e-02 1.128098776718117342e-06 1.245076223457578408e-06 1.876146071971718172e-06 2.569765375292541906e-07 8.196640934064722316e-04 5.159577586322012036e-03 1.034304301396730789e-02 2.610552322722198629e-02
1.785000000000000000e+04 1.291038308843111453e-03 5.915170134122492603e-03 1.081603060467121319e-02 2.093619713037446831e-02 2.212109978425618333e-06 1.276427183183346053e-07 6.287208059016012346e-07 1.554501889404233001e-06 8.004740174374885397e-04 5.150788450063337187e-03 1.025550664385468588e-02 2.583070088167672626e-02 1.291038308843111453e-03 5.915170134122492603e-03 1.081603060467121319e-02 2.093619713037446831e-02 2.212109978425618333e-06 1.276427183183346053e-07 6.287208059016012346e-07 1.554501889404233001e-06 8.004740174374885397e-04 5.150788450063337187e-03 1.025550664385468588e-02 2.583070088167672626e-02
1.820000000000000000e+04 1.301923861448227608e-03 6.021525278975897733e-03 1.098279494222624379e-02 2.116979778508054286e-02 9.920706536318534086e-06 2.757455365143385358e-06 9.557376425987846772e-06 9.783215804617095620e-06 7.870592712627857805e-04 5.292337362222820571e-03 1.013080380226520638e-02 2.556795540426832353e-02 1.301923861448227608e-03 6.021525278975897733e-03 1.098279494222624379e-02 2.116979778508054286e-02 9.920706536318534086e-06 2.757455365143385358e-06 9.557376425987846772e-06 9.783215804617095620e-06 7.870592712627857805e-04 5.292337362222820571e-03 1.013080380226520638e-02 2.556795540426832353e-02
1.855000000000000000e+04 1.308266422820547441e-03 5.928490480538499419e-03 1.078666488268337047e-02 2.072315262901852986e-02 9.985975990458558829e-08 7.782969684716944776e-07 9.334525214416015505e-07 1.695056581068565939e-08 8.019908457696367640e-04 5.138710192833300001e-03 1.031338826204341620e-02 2.597838123088434814e-02 1.308266422820547441e-03 5.928490480538499419e-03 1.078666488268337047e-02 2.072315262901852986e-02 9.985975990458558829e-08 7.782969684716944776e-07 9.334525214416015505e-07 1.695056581068565939e-08 8.019908457696367640e-04 5.138710192833300001e-03 1.031338826204341620e-02 2.597838123088434814e-02
1.890000000000000000e+04 1.368532954244084570e-03 5.711962265068191470e-03 1.121351533604596218e-02 2.047028219042272557e-02 3.713406913366921414e-06 3.380017949175346863e-06 1.349284901070228143e-08 3.648920556538685365e-07 7.832609370576629421e-04 5.164333806248687722e-03 1.030065949360523155e-02 2.605396639834832787e-02 1.368532954244084570e-03 5.711962265068191470e-03 1.121351533604596218e-02 2.047028219042272557e-02 3.713406913366921414e-06 3.380017949175346863e-06 1.349284901070228143e-08 3.648920556538685365e-07 7.832609370576629421e-04 5.164333806248687722e-03 1.030065949360523155e-02 2.605396639834832787e-02
1.925000000000000000e+04 1.283921970753984293e-03 6.057830212527108918e-03 1.047961934112204806e-02 2.073391545431258962e-02 2.460943934049981656e-06 1.666880960470916402e-05 1.253295722083107859e-05 2.725677003465110576e-06 9.037418900341207375e-04 5.153549579173897534e-03 1.031965370296774112e-02 2.614968917391394601e-02 1.283921970753984293e-03 6.057830212527108918e-03 1.047961934112204806e-02 2.073391545431258962e-02 2.460943934049981656e-06 1.666880960470916402e-05 1.253295722083107859e-05 2.725677003465110576e-06 9.037418900341207375e-04 5.153549579173897534e-03 1.031965370296774112e-02 2.614968917391394601e-02
1.960000000000000000e+04 1.286404700486043192e-03 6.402034954752622471e-03 1.035127679436497437e-02 2.076445176438048573e-02 2.980702027112784075e-06 3.214045241774032255e-05 1.065376325069151331e-05 1.697647899578000950e-07 7.921657999085801854e-04 5.199692560863737080e-03 1.031434697151424260e-02 2.611448649503558816e-02 1.286404700486043192e-03 6.402034954752622471e-03 1.035127679436497437e-02 2.076445176438048573e-02 2.980702027112784075e-06 3.214045241774032255e-05 1.065376325069151331e-05 1.697647899578000950e-07 7.921657999085801854e-04 5.199692560863737080e-03 1.031434697151424260e-02 2.611448649503558816e-02
1.995000000000000000e+04 1.345855620504992408e-03 6.010708987417194039e-03 1.069970744989602249e-02 2.045460023234488972e-02 9.390809672727787313e-07 6.282100678733735179e-06 2.502212080533187903e-06 8.672795865740595350e-07 7.783254225289140509e-04 5.157827490012824832e-03 1.036710228843083087e-02 2.626175818009552146e-02 1.345855620504992408e-03 6.010708987417194039e-03 1.069970744989602249e-02 2.045460023234488972e-02 9.390809672727787313e-07 6.282100678733735179e-06 2.502212080533187903e-06 8.672795865740595350e-07 7.783254225289140509e-04 5.157827490012824832e-03 1.036710228843083087e-02 2.626175818009552146e-02
2.030000000000000000e+04 1.293697775744397658e-03 5.940020859547635174e-03 1.024312462150251540e-02 2.120529233546212047e-02 4.666323623021386991e-07 4.638948510779401350e-07 1.533029885639068005e-06 9.899564618243231257e-07 8.205649701686198918e-04 5.113831097184198295e-03 1.042692854431925831e-02 2.592973880088791927e-02 1.293697775744397658e-03 5.940020859547635174e-03 1.024312462150251540e-02 2.120529233546212047e-02 4.666323623021386991e-07 4.638948510779401350e-07 1.533029885639068005e-06 9.899564618243231257e-07 8.205649701686198918e-04 5.113831097184198295e-03 1.042692854431925831e-02 2.592973880088791927e-02
2.065000000000000000e+04 1.299546933632238959e-03 5.928586014514247889e-03 1.031136547573517463e-02 2.113319915484943717e-02 1.408847209373375127e-08 1.887278554212177563e-07 8.231555780370117866e-08 2.047410954886365194e-07 8.155559390055074987e-04 5.143307500327000924e-03 1.040946442065747088e-02 2.592124183122684541e-02 1.299546933632238959e-03 5.928586014514247889e-03 1.031136547573517463e-02 2.113319915484943717e-02 1.408847209373375127e-08 1.887278554212177563e-07 8.231555780370117866e-08 2.047410954886365194e-07 8.155559390055074987e-04 5.143307500327000924e-03 1.040946442065747088e-02 2.592124183122684541e-02
2.100000000000000000e+04 1.283432563591128993e-03 6.163281718454867268e-03 9.817833526611620398e-03 2.180626657651632549e-02 2.368961822363707951e-07 6.684086637052723569e-07 4.151565290682685016e-07 4.744188545836244490e-07 8.377328324862304450e-04 5.141038634860643775e-03 1.037219816641763402e-02 2.572017804941642907e-02 1.283432563591128993e-03 6.163281718454867268e-03 9.817833526611620398e-03 2.180626657651632549e-02 2.368961822363707951e-07 6.684086637052723569e-07 4.151565290682685016e-07 4.744188545836244490e-07 8.377328324862304450e-04 5.141038634860643775e-03 1.037219816641763402e-02 2.572017804941642907e-02
2.135000000000000000e+04 1.319483569465832113e-03 5.674488755521100644e-03 1.089744351334802179e-02 2.069129093947153289e-02 7.280457170635571030e-07 8.707799339439255105e-08 1.586883369609605507e-06 5.234489528452072229e-07 8.277130288102570177e-04 5.194558410490896644e-03 1.041009193578638740e-02 2.603122571488655085e-02 1.319483569465832113e-03 5.674488755521100644e-03 1.089744351334802179e-02 2.069129093947153289e-02 7.280457170635571030e-07 8.707799339439255105e-08 1.586883369609605507e-06 5.234489528452072229e-07 8.277130288102570177e-04 5.194558410490896644e-03 1.041009193578638740e-02 2.603122571488655085e-02
2.170000000000000000e+04 1.307053640026323250e-03 5.883977184912507485e-03 1.056574686303931622e-02 2.095147757080054532e-02 4.421054057287937496e-11 9.239125802484597833e-11 2.675942459507262779e-11 6.762471335391516544e-11 8.099271809134834122e-04 5.149743417852371656e-03 1.037056339386654112e-02 2.591216983243495309e-02 1.307053640026323250e-03 5.883977184912507485e-03 1.056574686303931622e-02 2.095147757080054532e-02 4.421054057287937496e-11 9.239125802484597833e-11 2.675942459507262779e-11 6.762471335391516544e-11 8.099271809134834122e-04 5.149743417852371656e-03 1.037056339386654112e-02 2.591216983243495309e-02
2.205000000000000000e+04 1.308199968698626429e-03 5.860912275717301660e-03 1.059370682958157318e-02 2.093882506549594666e-02 3.591060230275579559e-08 1.653239318449015507e-09 1.973025673967259242e-11 1.381769810326633883e-10 8.068484495464722968e-04 5.148406085415943752e-03 1.036631081310038574e-02 2.592723107009928252e-02 1.308199968698626429e-03 5.860912275717301660e-03 1.059370682958157318e-02 2.093882506549594666e-02 3.591060230275579559e-08 1.653239318449015507e-09 1.973025673967259242e-11 1.381769810326633883e-10 8.068484495464722968e-04 5.148406085415943752e-03 1.036631081310038574e-02 2.592723107009928252e-02
2.240000000000000000e+04 1.265096673634098431e-03 5.932688699326944641e-03 9.531209477795361124e-03 2.229760536722203215e-02 9.144640021113498911e-06 2.807934585352072878e-06 1.693693737730507157e-05 4.667560835626538749e-06 9.085541025564648418e-04 5.161040668117618073e-03 1.060959559471514636e-02 2.555762435445544170e-02 1.265096673634098431e-03 5.932688699326944641e-03 9.531209477795361124e-03 2.229760536722203215e-02 9.144640021113498911e-06 2.807934585352072878e-06 1.693693737730507157e-05 4.667560835626538749e-06 9.085541025564648418e-04 5.161040668117618073e-03 1.060959559471514636e-02 2.555762435445544170e-02
2.275000000000000000e+04 1.296431066228564315e-03 5.825552082575263801e-03 1.174544816497437479e-02 2.024470833616128992e-02 7.450561043781543435e-06 7.579372441769789572e-06 1.336350266399358157e-05 1.449938802964090931e-05 8.016546457299133935e-04 5.311638833868239686e-03 1.015284858432457908e-02 2.583900198411895333e-02 1.296431066228564315e-03 5.825552082575263801e-03 1.174544816497437479e-02 2.024470833616128992e-02 7.450561043781543435e-06 7.579372441769789572e-06 1.336350266399358157e-05 1.449938802964090931e-05 8.016546457299133935e-04 5.311638833868239686e-03 1.015284858432457908e-02 2.583900198411895333e-02
2.310000000000000000e+04 1.336279949927235509e-03 5.710124430652964260e-03 1.129851197960215353e-02 2.046221361988878606e-02 9.184001397926605454e-08 5.217004532830338892e-06 8.047595820174526707e-08 1.600920722110151543e-06 7.816929097649673091e-04 5.179671911991759296e-03 1.030779473224678264e-02 2.595570077824246522e-02 1.336279949927235509e-03 5.710124430652964260e-03 1.129851197960215353e-02 2.046221361988878606e-02 9.184001397926605454e-08 5.217004532830338892e-06 8.047595820174526707e-08 1.600920722110151543e-06 7.816929097649673091e-04 5.179671911991759296e-03 1.030779473224678264e-02 2.595570077824246522e-02
2.345000000000000000e+04 1.322226591668299337e-03 5.636980597568865686e-03 1.074006270261541884e-02 2.098893841730911994e-02 1.332642797145627286e-06 1.563315804787784256e-05 3.209238710564093174e-06 1.889098857886533672e-07 8.361167933967266017e-04 5.219006117055592642e-03 1.042315348532871395e-02 2.586406859412453477e-02 1.322226591668299337e-03 5.636980597568865686e-03 1.074006270261541884e-02 2.098893841730911994e-02 1.332642797145627286e-06 1.563315804787784256e-05 3.209238710564093174e-06 1.889098857886533672e-07 8.361167933967266017e-04 5.219006117055592642e-03 1.042315348532871395e-02 2.586406859412453477e-02
2.380000000000000000e+04 1.324636062821930296e-03 5.621567652994203905e-03 1.132091172087828189e-02 2.047381392910764888e-02 3.856816042614112999e-07 4.057072686864775642e-06 1.478708253354567992e-07 1.322640344029992610e-07 8.056986514181361039e-04 5.197506388147642674e-03 1.031521654878982813e-02 2.600306979786337278e-02 1.324636062821930296e-03 5.621567652994203905e-03 1.132091172087828189e-02 2.047381392910764888e-02 3.856816042614112999e-07 4.057072686864775642e-06 1.478708253354567992e-07 1.322640344029992610e-07 8.056986514181361039e-04 5.197506388147642674e-03 1.031521654878982813e-02 2.600306979786337278e-02
2.415000000000000000e+04 1.275528437729855349e-03 6.300350704290446843e-03 9.502303968624387434e-03 2.198209527655529266e-02 1.224494545655697414e-06 1.172405599089147669e-05 3.123865910633907566e-07 1.257523931531192009e-07 8.367929357569389975e-04 5.097462914928307248e-03 1.053702309036969736e-02 2.573872096373209725e-02 1.275528437729855349e-03 6.300350704290446843e-03 9.502303968624387434e-03 2.198209527655529266e-02 1.224494545655697414e-06 1.172405599089147669e-05 3.123865910633907566e-07 1.257523931531192009e-07 8.367929357569389975e-04 5.097462914928307248e-03 1.053702309036969736e-02 2.573872096373209725e-02
2.450000000000000000e+04 1.313383994564415198e-03 5.815043285617395828e-03 1.073911288667423435e-02 2.082905240336453689e-02 7.952924696847163736e-07 6.187391248036821640e-07 1.296947372854469168e-08 2.015844078830860653e-07 8.075604334620181506e-04 5.162673320798782939e-03 1.035491606608526967e-02 2.593319030023669494e-02 1.313383994564415198e-03 5.815043285617395828e-03 1.073911288667423435e-02 2.082905240336453689e-02 7.952924696847163736e-07 6.187391248036821640e-07 1.296947372854469168e-08 2.015844078830860653e-07 8.075604334620181506e-04 5.162673320798782939e-03 1.035491606608526967e-02 2.593319030023669494e-02
2.485000000000000000e+04 1.322520306679039791e-03 5.917915331253143126e-03 1.065992361721116062e-02 2.085499775184328566e-02 8.035804197725568717e-07 4.857420446384999045e-07 4.882524453450568934e-07 9.746993462934698603e-08 7.922427597784259057e-04 5.148588574240161447e-03 1.030540023602114115e-02 2.595982145775865835e-02 1.322520306679039791e-03 5.917915331253143126e-03 1.065992361721116062e-02 2.085499775184328566e-02 8.035804197725568717e-07 4.857420446384999045e-07 4.882524453450568934e-07 9.746993462934698603e-08 7.922427597784259057e-04 5.148588574240161447e-03 1.030540023602114115e-02 2.595982145775865835e-02
2.520000000000000000e+04 1.321747811528457568e-03 5.722037811542042031e-03 1.036795103901103424e-02 2.116608190091260472e-02 1.450282171992806180e-06 6.049303258199385624e-09 6.595155572220220269e-06 1.329378122123409709e-07 8.402828890406156782e-04 5.213273478734652654e-03 1.051125768013364513e-02 2.587791912817587886e-02 1.321747811528457568e-03 5.722037811542042031e-03 1.036795103901103424e-02 2.116608190091260472e-02 1.450282171992806180e-06 6.049303258199385624e-09 6.595155572220220269e-06 1.329378122123409709e-07 8.402828890406156782e-04 5.213273478734652654e-03 1.051125768013364513e-02 2.587791912817587886e-02
2.555000000000000000e+04 1.293593329114875977e-03 5.746163932077204793e-03 1.072124936923524695e-02 2.099138265966982164e-02 1.429632693243857343e-06 1.538420245841647958e-06 8.473664393603289241e-07 3.345888207205348646e-07 8.324967157025664997e-04 5.175624793600344491e-03 1.034901556533987695e-02 2.585314430778486855e-02 1.293593329114875977e-03 5.746163932077204793e-03 1.072124936923524695e-02 2.099138265966982164e-02 1.429632693243857343e-06 1.538420245841647958e-06 8.473664393603289241e-07 3.345888207205348646e-07 8.324967157025664997e-04 5.175624793600344491e-03 1.034901556533987695e-02 2.585314430778486855e-02
2.590000000000000000e+04 1.322842939927303379e-03 5.822271591106756815e-03 1.088892975080098940e-02 2.061383471123869743e-02 1.491797056007557194e-06 3.663299033712521071e-06 2.811776032955002227e-07 1.106061206209182727e-07 7.909574725692108781e-04 5.180892855067482407e-03 1.033864679684266472e-02 2.601085810921721295e-02 1.322842939927303379e-03 5.822271591106756815e-03 1.088892975080098940e-02 2.061383471123869743e-02 1.491797056007557194e-06 3.663299033712521071e-06 2.811776032955002227e-07 1.106061206209182727e-07 7.909574725692108781e-04 5.180892855067482407e-03 1.033864679684266472e-02 2.601085810921721295e-02
2.625000000000000000e+04 1.468265124107014877e-03 6.127049235213084116e-03 1.159135780185513095e-02 1.984602007779090460e-02 1.098603533836544517e-06 1.655441372071285791e-05 1.410927325374513829e-05 7.052188370084175550e-06 1.312431581512117727e-03 4.800614680516964751e-03 1.015868515754145968e-02 2.667455269779008681e-02 1.468265124107014877e-03 6.127049235213084116e-03 1.159135780185513095e-02 1.984602007779090460e-02 1.098603533836544517e-06 1.655441372071285791e-05 1.410927325374513829e-05 7.052188370084175550e-06 1.312431581512117727e-03 4.800614680516964751e-03 1.015868515754145968e-02 2.667455269779008681e-02
2.660000000000000000e+04 1.288706555706022354e-03 5.758363793256181945e-03 1.067126927799734795e-02 2.097586735615145428e-02 2.057334731813016180e-06 4.544477197404324868e-06 3.604394470422542610e-06 1.046250261239180434e-06 8.594110152447276014e-04 5.159088435906246904e-03 1.041857445855101129e-02 2.585125525107696137e-02 1.288706555706022354e-03 5.758363793256181945e-03 1.067126927799734795e-02 2.097586735615145428e-02 2.057334731813016180e-06 4.544477197404324868e-06 3.604394470422542610e-06 1.046250261239180434e-06 8.594110152447276014e-04 5.159088435906246904e-03 1.041857445855101129e-02 2.585125525107696137e-02
2.695000000000000000e+04 1.333740605538111549e-03 5.591793532023554836e-03 1.134347325916726552e-02 2.039588838510483088e-02 4.590553524615275528e-06 7.019812582676697388e-06 1.690305804002114220e-06 1.342132512317099617e-07 8.025025326231658091e-04 5.251726977473163138e-03 1.026816634163442432e-02 2.608732511071534810e-02 1.333740605538111549e-03 5.591793532023554836e-03 1.134347325916726552e-02 2.039588838510483088e-02 4.590553524615275528e-06 7.019812582676697388e-06 1.690305804002114220e-06 1.342132512317099617e-07 8.025025326231658091e-04 5.251726977473163138e-03 1.026816634163442432e-02 2.608732511071534810e-02
2.730000000000000000e+04 1.317641153219500927e-03 6.111265184416620269e-03 1.002295384428506311e-02 2.136394010011029299e-02 3.169057740427904829e-07 2.848150399324385205e-07 1.397510756010471737e-08 5.879296124773653318e-06 7.897026963389308348e-04 5.078718537026231938e-03 1.037899283503254493e-02 2.596209594018795974e-02 1.317641153219500927e-03 6.111265184416620269e-03 1.002295384428506311e-02 2.136394010011029299e-02 3.169057740427904829e-07 2.848150399324385205e-07 1.397510756010471737e-08 5.879296124773653318e-06 7.897026963389308348e-04 5.078718537026231938e-03 1.037899283503254493e-02 2.596209594018795974e-02
2.765000000000000000e+04 1.296850803049364419e-03 5.970328351677845272e-03 1.019784768815437150e-02 2.132326963380824433e-02 4.943587172450893462e-06 4.385656227223906307e-06 5.964164632996499566e-06 3.414262582246792867e-07 8.085705553983157630e-04 5.082653664325321660e-03 1.047219827181054830e-02 2.584036061304095799e-02 1.296850803049364419e-03 5.970328351677845272e-03 1.019784768815437150e-02 2.132326963380824433e-02 4.943587172450893462e-06 4.385656227223906307e-06 5.964164632996499566e-06 3.414262582246792867e-07 8.085705553983157630e-04 5.082653664325321660e-03 1.047219827181054830e-02 2.584036061304095799e-02
2.800000000000000000e+04 1.295370404461732234e-03 5.859612233592140576e-03 1.086039248013609231e-02 2.078889697512599152e-02 4.289759916141908789e-09 1.108939737655182490e-05 1.804944753104895605e-06 1.805982602577426110e-06 8.437918283063606606e-04 5.054137038955758970e-03 1.040112501669089758e-02 2.589495721665794128e-02 1.295370404461732234e-03 5.859612233592140576e-03 1.086039248013609231e-02 2.078889697512599152e-02 4.289759916141908789e-09 1.108939737655182490e-05 1.804944753104895605e-06 1.805982602577426110e-06 8.437918283063606606e-04 5.054137038955758970e-03 1.040112501669089758e-02 2.589495721665794128e-02
2.835000000000000000e+04 1.322641244080503473e-03 5.699713889415685547e-03 1.126391298828659758e-02 2.048600360604839465e-02 7.044152786551370516e-08 1.246756680242143481e-06 1.067739355308779555e-07 9.419544110084406310e-07 7.989524660058880835e-04 5.189361312451866437e-03 1.027222520304806389e-02 2.598568774685984517e-02 1.322641244080503473e-03 5.699713889415685547e-03 1.126391298828659758e-02 2.048600360604839465e-02 7.044152786551370516e-08 1.246756680242143481e-06 1.067739355308779555e-07 9.419544110084406310e-07 7.989524660058880835e-04 5.189361312451866437e-03 1.027222520304806389e-02 2.598568774685984517e-02
2.870000000000000000e+04 1.318458166519179088e-03 5.665134597517460478e-03 1.146003288114969161e-02 2.025783790425451578e-02 1.270218603217031403e-06 1.026671833522315084e-06 3.898469036871302921e-06 5.972843697109890055e-07 8.069947179389388818e-04 5.255091244274245725e-03 1.023415445579630920e-02 2.609033922965637436e-02 1.318458166519179088e-03 5.665134597517460478e-03 1.146003288114969161e-02 2.025783790425451578e-02 1.270218603217031403e-06 1.026671833522315084e-06 3.898469036871302921e-06 5.972843697109890055e-07 8.069947179389388818e-04 5.255091244274245725e-03 1.023415445579630920e-02 2.609033922965637436e-02
2.905000000000000000e+04 1.324892224156788440e-03 6.578083170433022056e-03 9.413949583458307291e-03 2.221015100270860507e-02 5.016326492841806357e-09 6.922242200515863564e-06 6.134096003373476165e-08 7.435126768882874599e-07 7.930987375458279070e-04 4.972211030505135562e-03 1.043946036679925179e-02 2.571926780803895571e-02 1.324892224156788440e-03 6.578083170433022056e-03 9.413949583458307291e-03 2.221015100270860507e-02 5.016326492841806357e-09 6.922242200515863564e-06 6.134096003373476165e-08 7.435126768882874599e-07 7.930987375458279070e-04 4.972211030505135562e-03 1.043946036679925179e-02 2.571926780803895571e-02
2.940000000000000000e+04 1.320299421034776743e-03 5.897216541244286632e-03 1.038799811277802548e-02 2.112955953347388921e-02 4.997947231380873187e-07 1.907103052200537066e-08 1.599232653331581790e-07 2.052517969907352019e-07 7.966348345242117279e-04 5.143596197729270736e-03 1.037627634975506544e-02 2.589846357907672411e-02 1.320299421034776743e-03 5.897216541244286632e-03 1.038799811277802548e-02 2.112955953347388921e-02 4.997947231380873187e-07 1.907103052200537066e-08 1.599232653331581790e-07 2.052517969907352019e-07 7.966348345242117279e-04 5.143596197729270736e-03 1.037627634975506544e-02 2.589846357907672411e-02
2.975000000000000000e+04 1.310494416370783710e-03 5.887382633100712512e-03 1.057099877817605643e-02 2.094070790214471942e-02 2.447463588089637610e-13 9.433066416288794835e-12 1.646890211534518449e-11 1.669521293906283254e-11 8.073965217229386610e-04 5.152371095205985664e-03 1.036801580225849527e-02 2.590640019042452988e-02 1.310494416370783710e-03 5.887382633100712512e-03 1.057099877817605643e-02 2.094070790214471942e-02 2.447463588089637610e-13 9.433066416288794835e-12 1.646890211534518449e-11 1.669521293906283254e-11 8.073965217229386610e-04 5.152371095205985664e-03 1.036801580225849527e-02 2.590640019042452988e-02
3.010000000000000000e+04 1.306453275734846802e-03 5.860701037887794743e-03 1.056031878182777176e-02 2.097848925265198561e-02 3.731832638673623849e-10 1.559802953676074746e-10 2.936600733843786109e-10 1.113026952937247519e-09 8.064788409297797079e-04 5.144790990990598389e-03 1.036592692027408363e-02 2.591992157800322369e-02 1.306453275734846802e-03 5.860701037887794743e-03 1.056031878182777176e-02 2.097848925265198561e-02 3.731832638673623849e-10 1.559802953676074746e-10 2.936600733843786109e-10 1.113026952937247519e-09 8.064788409297797079e-04 5.144790990990598389e-03 1.036592692027408363e-02 2.591992157800322369e-02
3.045000000000000000e+04 1.302754765997176647e-03 5.933460007590918121e-03 1.036380680762569867e-02 2.113059341074244313e-02 9.062411423506646065e-08 3.970298524155610283e-10 8.468575424616437343e-08 7.377925277906465433e-12 8.136845858780900314e-04 5.151243664268683256e-03 1.038092887605228734e-02 2.588050990360673057e-02 1.302754765997176647e-03 5.933460007590918121e-03 1.036380680762569867e-02 2.113059341074244313e-02 9.062411423506646065e-08 3.970298524155610283e-10 8.468575424616437343e-08 7.377925277906465433e-12 8.136845858780900314e-04 5.151243664268683256e-03 1.038092887605228734e-02 2.588050990360673057e-02
3.080000000000000000e+04 1.291527107746635612e-03 5.831898557072942753e-03 1.057294641603141391e-02 2.092854317683940507e-02 1.734656418286182972e-06 7.642791930470825872e-07 1.808833788470800772e-08 1.350794253796428880e-08 8.356117556864606655e-04 5.178793842949388354e-03 1.037928799029941979e-02 2.593192717926859348e-02 1.291527107746635612e-03 5.831898557072942753e-03 1.057294641603141391e-02 2.092854317683940507e-02 1.734656418286182972e-06 7.642791930470825872e-07 1.808833788470800772e-08 1.350794253796428880e-08 8.356117556864606655e-04 5.178793842949388354e-03 1.037928799029941979e-02 2.593192717926859348e-02
3.115000000000000000e+04 1.285251707935884452e-03 5.734064613936096927e-03 1.091856125247183187e-02 2.068390231516446104e-02 7.324787225326333503e-08 1.000136465152609075e-06 5.658750041877425013e-08 3.425888013506472788e-07 8.529895026423597697e-04 5.201137036820555927e-03 1.034558400959888907e-02 2.596357810421634146e-02 1.285251707935884452e-03 5.734064613936096927e-03 1.091856125247183187e-02 2.068390231516446104e-02 7.324787225326333503e-08 1.000136465152609075e-06 5.658750041877425013e-08 3.425888013506472788e-07 8.529895026423597697e-04 5.201137036820555927e-03 1.034558400959888907e-02 2.596357810421634146e-02
3.150000000000000000e+04 1.305545790332239293e-03 6.008791542617623882e-03 1.007052706639091806e-02 2.148580503198186178e-02 1.210838285370906338e-07 8.287133570325305802e-07 1.301917246047388916e-07 4.138093037195457806e-09 8.016358357833502750e-04 5.139447202995386238e-03 1.040587256370565164e-02 2.578772996698749931e-02 1.305545790332239293e-03 6.008791542617623882e-03 1.007052706639091806e-02 2.148580503198186178e-02 1.210838285370906338e-07 8.287133570325305802e-07 1.301917246047388916e-07 4.138093037195457806e-09 8.016358357833502750e-04 5.139447202995386238e-03 1.040587256370565164e-02 2.578772996698749931e-02
3.185000000000000000e+04 1.292244012722339143e-03 5.683826157219858122e-03 1.073627658160742661e-02 2.091920469415632644e-02 3.212694855299378541e-07 4.017390347818711227e-06 7.324682673963768569e-07 2.958466155806729435e-08 8.509732397413095808e-04 5.270416046388431280e-03 1.025230887055567780e-02 2.596857599589570686e-02 1.292244012722339143e-03 5.683826157219858122e-03 1.073627658160742661e-02 2.091920469415632644e-02 3.212694855299378541e-07 4.017390347818711227e-06 7.324682673963768569e-07 2.958466155806729435e-08 8.509732397413095808e-04 5.270416046388431280e-03 1.025230887055567780e-02 2.596857599589570686e-02
3.220000000000000000e+04 1.322200941229734281e-03 5.979755277590817313e-03 1.031575529624976367e-02 2.125952929151762871e-02 3.411284635787584697e-07 7.233583120039337812e-09 2.523630104000083228e-07 2.696991892668414867e-07 7.945105406518108721e-04 5.109895290161088448e-03 1.037827003096392260e-02 2.580723553260484346e-02 1.322200941229734281e-03 5.979755277590817313e-03 1.031575529624976367e-02 2.125952929151762871e-02 3.411284635787584697e-07 7.233583120039337812e-09 2.523630104000083228e-07 2.696991892668414867e-07 7.945105406518108721e-04 5.109895290161088448e-03 1.037827003096392260e-02 2.580723553260484346e-02
3.255000000000000000e+04 1.296166278781759034e-03 6.273950951627118612e-03 9.819205027528105784e-03 2.165165597773336184e-02 7.491621754661010763e-08 2.521254825175161577e-06 3.704334588433685473e-06 9.166549375580826471e-07 7.992646107416148844e-04 5.094577394037338655e-03 1.041670574189269144e-02 2.577569913168406210e-02 1.296166278781759034e-03 6.273950951627118612e-03 9.819205027528105784e-03 2.165165597773336184e-02 7.491621754661010763e-08 2.521254825175161577e-06 3.704334588433685473e-06 9.166549375580826471e-07 7.992646107416148844e-04 5.094577394037338655e-03 1.041670574189269144e-02 2.577569913168406210e-02
3.290000000000000000e+04 1.299503155627709967e-03 5.860896191592029555e-03 1.025499641538235411e-02 2.103341282636244508e-02 9.758737776346526763e-07 5.101754317868451230e-06 5.942649270828352772e-08 2.934920824334078579e-07 8.401930170306729168e-04 5.141849588416196395e-03 1.056913103385309638e-02 2.597123254038957371e-02 1.299503155627709967e-03 5.860896191592029555e-03 1.025499641538235411e-02 2.103341282636244508e-02 9.758737776346526763e-07 5.101754317868451230e-06 5.942649270828352772e-08 2.934920824334078579e-07 8.401930170306729168e-04 5.141849588416196395e-03 1.056913103385309638e-02 2.597123254038957371e-02
3.325000000000000000e+04 1.370648203964790939e-03 5.951578332516141261e-03 1.070331058801583281e-02 2.102249487735384850e-02 3.751744626201015744e-07 7.194705216219820494e-06 2.530985843119225382e-07 1.073731630734288154e-06 8.556853071006204504e-04 5.051120331305155274e-03 1.019035354106180916e-02 2.592094451061932245e-02 1.370648203964790939e-03 5.951578332516141261e-03 1.070331058801583281e-02 2.102249487735384850e-02 3.751744626201015744e-07 7.194705216219820494e-06 2.530985843119225382e-07 1.073731630734288154e-06 8.556853071006204504e-04 5.051120331305155274e-03 1.019035354106180916e-02 2.592094451061932245e-02
3.360000000000000000e+04 1.306022067606259131e-03 5.827512288391640399e-03 1.066320939352823419e-02 2.085624141864820050e-02 1.294572858655835187e-07 1.012416513150911664e-07 3.157662088922588191e-09 1.670287460077919799e-08 8.124834053290060564e-04 5.159793126077266007e-03 1.036534671203472383e-02 2.595213930545808498e-02 1.306022067606259131e-03 5.827512288391640399e-03 1.066320939352823419e-02 2.085624141864820050e-02 1.294572858655835187e-07 1.012416513150911664e-07 3.157662088922588191e-09 1.670287460077919799e-08 8.124834053290060564e-04 5.159793126077266007e-03 1.036534671203472383e-02 2.595213930545808498e-02
3.395000000000000000e+04 1.317832689425188714e-03 5.947499456351076040e-03 1.039362354929376439e-02 2.116715980795037810e-02 2.315941968111231430e-07 1.913328586973354094e-07 5.116328475891085962e-07 3.182713360958277287e-07 7.927761332252602784e-04 5.097213581276981154e-03 1.040072104117448909e-02 2.583356524238863625e-02 1.317832689425188714e-03 5.947499456351076040e-03 1.039362354929376439e-02 2.116715980795037810e-02 2.315941968111231430e-07 1.913328586973354094e-07 5.116328475891085962e-07 3.182713360958277287e-07 7.927761332252602784e-04 5.097213581276981154e-03 1.040072104117448909e-02 2.583356524238863625e-02
3.430000000000000000e+04 1.292668402217947389e-03 5.873369489641445257e-03 1.059028393007715833e-02 2.110020910147259246e-02 3.991172232801806332e-07 8.105137668570548020e-07 3.582129709458786381e-08 3.270633306307637053e-07 8.136841168981880264e-04 5.162012952675634238e-03 1.029776785156896919e-02 2.582848957631451656e-02 1.292668402217947389e-03 5.873369489641445257e-03 1.059028393007715833e-02 2.110020910147259246e-02 3.991172232801806332e-07 8.105137668570548020e-07 3.582129709458786381e-08 3.270633306307637053e-07 8.136841168981880264e-04 5.162012952675634238e-03 1.029776785156896919e-02 2.582848957631451656e-02
3.465000000000000000e+04 1.346976444476366466e-03 5.991432039432860283e-03 1.018597725620317730e-02 2.139449080333636483e-02 3.911395897229945924e-07 4.030338175971463219e-07 6.761357593112420310e-07 1.652121620448298699e-07 7.767937173323600846e-04 5.055930674475377605e-03 1.046509488063149945e-02 2.575926769817295237e-02 1.346976444476366466e-03 5.991432039432860283e-03 1.018597725620317730e-02 2.139449080333636483e-02 3.911395897229945924e-07 4.030338175971463219e-07 6.761357593112420310e-07 1.652121620448298699e-07 7.767937173323600846e-04 5.055930674475377605e-03 1.046509488063149945e-02 2.575926769817295237e-02
3.500000000000000000e+04 1.311107085069311562e-03 5.883732211170610536e-03 1.057105312220533826e-02 2.094493760925179859e-02 2.593028831544306096e-12 4.410514585101776594e-11 5.453826242802664183e-12 1.216364372797439506e-11 8.069999963796345909e-04 5.150714176331058075e-03 1.036568029549155695e-02 2.590379473488442497e-02 1.311107085069311562e-03 5.883732211170610536e-03 1.057105312220533826e-02 2.094493760925179859e-02 2.593028831544306096e-12 4.410514585101776594e-11 5.453826242802664183e-12 1.216364372797439506e-11 8.069999963796345909e-04 5.150714176331058075e-03 1.036568029549155695e-02 2.590379473488442497e-02
