0 [0.00e+00, 0.00e+00, 0.00e+00, 0.00e+00, 0.00e+00, 0.00e+00]
350 [6.51e-02, -1.57e-02, 1.23e-01, 5.04e-02, 1.33e-01, 8.71e-02]
700 [8.39e-02, 1.79e-02, 1.87e-01, 1.17e-01, 2.02e-01, 1.55e-01]
1050 [8.59e-02, 2.12e-02, 2.08e-01, 1.39e-01, 2.31e-01, 1.84e-01]
1400 [8.81e-02, 2.57e-02, 2.17e-01, 1.49e-01, 2.50e-01, 2.04e-01]
1750 [8.87e-02, 2.69e-02, 2.24e-01, 1.57e-01, 2.64e-01, 2.18e-01]
2100 [8.84e-02, 2.63e-02, 2.29e-01, 1.63e-01, 2.72e-01, 2.27e-01]
2450 [8.97e-02, 2.84e-02, 2.32e-01, 1.66e-01, 2.77e-01, 2.32e-01]
2800 [8.98e-02, 2.88e-02, 2.36e-01, 1.70e-01, 2.86e-01, 2.41e-01]
3150 [8.98e-02, 2.87e-02, 2.36e-01, 1.70e-01, 2.89e-01, 2.44e-01]
3500 [8.97e-02, 2.87e-02, 2.37e-01, 1.71e-01, 2.92e-01, 2.47e-01]
3850 [9.06e-02, 2.95e-02, 2.38e-01, 1.73e-01, 2.95e-01, 2.50e-01]
4200 [8.79e-02, 2.53e-02, 2.40e-01, 1.74e-01, 2.96e-01, 2.52e-01]
4550 [8.97e-02, 2.87e-02, 2.41e-01, 1.75e-01, 2.97e-01, 2.53e-01]
4900 [8.97e-02, 2.82e-02, 2.41e-01, 1.75e-01, 2.99e-01, 2.55e-01]
5250 [8.99e-02, 2.87e-02, 2.42e-01, 1.77e-01, 2.99e-01, 2.55e-01]
5600 [8.97e-02, 2.86e-02, 2.42e-01, 1.77e-01, 3.01e-01, 2.57e-01]
5950 [8.96e-02, 2.86e-02, 2.43e-01, 1.78e-01, 3.01e-01, 2.57e-01]
6300 [8.98e-02, 2.89e-02, 2.43e-01, 1.78e-01, 3.02e-01, 2.58e-01]
6650 [8.98e-02, 2.85e-02, 2.43e-01, 1.78e-01, 3.01e-01, 2.57e-01]
7000 [8.98e-02, 2.86e-02, 2.43e-01, 1.78e-01, 3.02e-01, 2.58e-01]
7350 [8.97e-02, 2.84e-02, 2.44e-01, 1.79e-01, 3.03e-01, 2.59e-01]
7700 [8.97e-02, 2.82e-02, 2.43e-01, 1.78e-01, 3.02e-01, 2.58e-01]
8050 [8.97e-02, 2.82e-02, 2.44e-01, 1.79e-01, 3.03e-01, 2.59e-01]
8400 [8.96e-02, 2.81e-02, 2.44e-01, 1.79e-01, 3.03e-01, 2.59e-01]
8750 [8.95e-02, 2.79e-02, 2.44e-01, 1.79e-01, 3.03e-01, 2.59e-01]
9100 [8.96e-02, 2.78e-02, 2.44e-01, 1.78e-01, 3.03e-01, 2.59e-01]
9450 [8.96e-02, 2.77e-02, 2.44e-01, 1.78e-01, 3.03e-01, 2.59e-01]
9800 [8.96e-02, 2.77e-02, 2.44e-01, 1.78e-01, 3.03e-01, 2.59e-01]
10150 [8.94e-02, 2.73e-02, 2.44e-01, 1.78e-01, 3.03e-01, 2.58e-01]
10500 [8.94e-02, 2.74e-02, 2.44e-01, 1.78e-01, 3.03e-01, 2.59e-01]
10850 [8.94e-02, 2.72e-02, 2.43e-01, 1.78e-01, 3.03e-01, 2.59e-01]
11200 [8.94e-02, 2.70e-02, 2.43e-01, 1.77e-01, 3.02e-01, 2.58e-01]
11550 [8.92e-02, 2.68e-02, 2.43e-01, 1.77e-01, 3.02e-01, 2.58e-01]
11900 [8.71e-02, 2.56e-02, 2.38e-01, 1.73e-01, 2.88e-01, 2.47e-01]
12250 [9.28e-02, 3.04e-02, 2.50e-01, 1.82e-01, 2.65e-01, 2.18e-01]
12600 [9.36e-02, 3.17e-02, 2.58e-01, 1.90e-01, 2.79e-01, 2.32e-01]
12950 [9.39e-02, 3.23e-02, 2.62e-01, 1.95e-01, 2.89e-01, 2.42e-01]
13300 [9.41e-02, 3.25e-02, 2.64e-01, 1.97e-01, 2.93e-01, 2.46e-01]
13650 [9.41e-02, 3.25e-02, 2.65e-01, 1.98e-01, 2.95e-01, 2.48e-01]
14000 [9.41e-02, 3.24e-02, 2.66e-01, 1.99e-01, 2.96e-01, 2.49e-01]
14350 [9.41e-02, 3.24e-02, 2.66e-01, 1.99e-01, 2.97e-01, 2.50e-01]
14700 [9.41e-02, 3.23e-02, 2.66e-01, 1.99e-01, 2.97e-01, 2.50e-01]
15050 [9.40e-02, 3.25e-02, 2.66e-01, 2.00e-01, 2.97e-01, 2.50e-01]
15400 [9.40e-02, 3.22e-02, 2.66e-01, 1.99e-01, 2.97e-01, 2.50e-01]
15750 [9.40e-02, 3.21e-02, 2.66e-01, 1.99e-01, 2.97e-01, 2.50e-01]
16100 [9.40e-02, 3.21e-02, 2.66e-01, 2.00e-01, 2.97e-01, 2.50e-01]
16450 [9.39e-02, 3.24e-02, 2.66e-01, 2.00e-01, 2.97e-01, 2.50e-01]
16800 [9.40e-02, 3.21e-02, 2.66e-01, 2.00e-01, 2.97e-01, 2.51e-01]
17150 [9.39e-02, 3.20e-02, 2.66e-01, 1.99e-01, 2.97e-01, 2.50e-01]
17500 [9.40e-02, 3.22e-02, 2.66e-01, 2.00e-01, 2.97e-01, 2.51e-01]
17850 [9.41e-02, 3.22e-02, 2.66e-01, 2.00e-01, 2.97e-01, 2.50e-01]
18200 [9.40e-02, 3.21e-02, 2.66e-01, 2.00e-01, 2.97e-01, 2.51e-01]
18550 [9.40e-02, 3.21e-02, 2.66e-01, 2.00e-01, 2.97e-01, 2.51e-01]
18900 [9.39e-02, 3.24e-02, 2.66e-01, 2.00e-01, 2.97e-01, 2.51e-01]
19250 [9.39e-02, 3.25e-02, 2.66e-01, 2.00e-01, 2.97e-01, 2.51e-01]
19600 [9.40e-02, 3.21e-02, 2.66e-01, 2.00e-01, 2.97e-01, 2.51e-01]
19950 [9.40e-02, 3.21e-02, 2.66e-01, 2.00e-01, 2.97e-01, 2.51e-01]
20300 [9.40e-02, 3.21e-02, 2.66e-01, 2.00e-01, 2.97e-01, 2.51e-01]
20650 [9.40e-02, 3.21e-02, 2.66e-01, 2.00e-01, 2.97e-01, 2.51e-01]
21000 [9.40e-02, 3.20e-02, 2.66e-01, 2.00e-01, 2.97e-01, 2.51e-01]
21350 [9.39e-02, 3.21e-02, 2.66e-01, 2.00e-01, 2.97e-01, 2.51e-01]
21700 [9.39e-02, 3.19e-02, 2.66e-01, 1.99e-01, 2.97e-01, 2.50e-01]
22050 [9.40e-02, 3.20e-02, 2.66e-01, 2.00e-01, 2.97e-01, 2.51e-01]
22400 [9.39e-02, 3.20e-02, 2.66e-01, 2.00e-01, 2.97e-01, 2.51e-01]
22750 [9.39e-02, 3.20e-02, 2.66e-01, 2.00e-01, 2.97e-01, 2.51e-01]
23100 [9.39e-02, 3.20e-02, 2.66e-01, 2.00e-01, 2.97e-01, 2.51e-01]
23450 [9.39e-02, 3.20e-02, 2.66e-01, 2.00e-01, 2.97e-01, 2.51e-01]
23800 [9.39e-02, 3.20e-02, 2.66e-01, 2.00e-01, 2.97e-01, 2.51e-01]
24150 [9.40e-02, 3.18e-02, 2.66e-01, 2.00e-01, 2.97e-01, 2.51e-01]
24500 [9.39e-02, 3.19e-02, 2.66e-01, 2.00e-01, 2.97e-01, 2.51e-01]
24850 [9.40e-02, 3.20e-02, 2.66e-01, 2.00e-01, 2.97e-01, 2.51e-01]
25200 [9.39e-02, 3.20e-02, 2.66e-01, 2.00e-01, 2.97e-01, 2.51e-01]
25550 [9.39e-02, 3.20e-02, 2.66e-01, 2.00e-01, 2.97e-01, 2.51e-01]
25900 [9.39e-02, 3.19e-02, 2.66e-01, 2.00e-01, 2.97e-01, 2.51e-01]
26250 [9.37e-02, 3.18e-02, 2.66e-01, 1.99e-01, 2.97e-01, 2.50e-01]
26600 [9.40e-02, 3.20e-02, 2.66e-01, 2.00e-01, 2.97e-01, 2.51e-01]
26950 [9.39e-02, 3.20e-02, 2.67e-01, 2.00e-01, 2.97e-01, 2.51e-01]
27300 [9.40e-02, 3.20e-02, 2.66e-01, 2.00e-01, 2.97e-01, 2.51e-01]
27650 [9.40e-02, 3.20e-02, 2.66e-01, 2.00e-01, 2.97e-01, 2.51e-01]
28000 [9.39e-02, 3.20e-02, 2.66e-01, 2.00e-01, 2.97e-01, 2.51e-01]
28350 [9.39e-02, 3.20e-02, 2.66e-01, 2.00e-01, 2.97e-01, 2.51e-01]
28700 [9.39e-02, 3.20e-02, 2.66e-01, 2.00e-01, 2.97e-01, 2.51e-01]
29050 [9.40e-02, 3.19e-02, 2.66e-01, 2.00e-01, 2.97e-01, 2.51e-01]
29400 [9.39e-02, 3.19e-02, 2.66e-01, 2.00e-01, 2.97e-01, 2.51e-01]
29750 [9.39e-02, 3.18e-02, 2.66e-01, 1.99e-01, 2.97e-01, 2.50e-01]
30100 [9.40e-02, 3.20e-02, 2.67e-01, 2.00e-01, 2.98e-01, 2.51e-01]
30450 [9.39e-02, 3.18e-02, 2.66e-01, 2.00e-01, 2.97e-01, 2.51e-01]
30800 [9.39e-02, 3.19e-02, 2.66e-01, 2.00e-01, 2.97e-01, 2.51e-01]
31150 [9.39e-02, 3.20e-02, 2.66e-01, 2.00e-01, 2.97e-01, 2.51e-01]
31500 [9.40e-02, 3.20e-02, 2.66e-01, 2.00e-01, 2.98e-01, 2.51e-01]
31850 [9.39e-02, 3.18e-02, 2.66e-01, 2.00e-01, 2.97e-01, 2.51e-01]
32200 [9.39e-02, 3.19e-02, 2.66e-01, 2.00e-01, 2.97e-01, 2.51e-01]
32550 [9.39e-02, 3.17e-02, 2.66e-01, 2.00e-01, 2.97e-01, 2.51e-01]
32900 [9.40e-02, 3.19e-02, 2.66e-01, 2.00e-01, 2.97e-01, 2.51e-01]
33250 [9.38e-02, 3.20e-02, 2.66e-01, 2.00e-01, 2.97e-01, 2.51e-01]
33600 [9.39e-02, 3.19e-02, 2.66e-01, 2.00e-01, 2.97e-01, 2.51e-01]
33950 [9.39e-02, 3.19e-02, 2.66e-01, 2.00e-01, 2.97e-01, 2.51e-01]
34300 [9.40e-02, 3.19e-02, 2.66e-01, 2.00e-01, 2.97e-01, 2.51e-01]
34650 [9.39e-02, 3.19e-02, 2.66e-01, 2.00e-01, 2.97e-01, 2.51e-01]
35000 [9.39e-02, 3.18e-02, 2.66e-01, 1.99e-01, 2.97e-01, 2.50e-01]
