# step, loss_train, loss_test, metrics_test
0.000000000000000000e+00 2.587290807787053296e-03 2.030775498276916977e-03 6.454034153379710481e-02 2.352246294366022988e-03 1.932100000000000219e-12 7.022500000000000016e-12 2.937639999999999587e-11 5.712100000000000365e-10 6.763244589444785682e-01 2.518099492107702120e-01 4.741504045085267460e-01 4.201155429420303511e-01 2.587290807787053296e-03 2.030775498276916977e-03 6.454034153379710481e-02 2.352246294366022988e-03 1.932100000000000219e-12 7.022500000000000016e-12 2.937639999999999587e-11 5.712100000000000365e-10 6.763244589444785682e-01 2.518099492107702120e-01 4.741504045085267460e-01 4.201155429420303511e-01
3.500000000000000000e+02 1.976523393332114270e-03 6.587847731066836382e-03 1.040299996720969386e-02 4.401989064939160201e-02 4.229464074950417769e-08 1.624569069642293866e-06 1.826912421222380673e-05 1.395640662983598868e-03 3.127140012698889724e-03 5.400583106957621178e-03 7.900137701551367131e-03 7.917571186711405001e-03 1.976523393332114270e-03 6.587847731066836382e-03 1.040299996720969386e-02 4.401989064939160201e-02 4.229464074950417769e-08 1.624569069642293866e-06 1.826912421222380673e-05 1.395640662983598868e-03 3.127140012698889724e-03 5.400583106957621178e-03 7.900137701551367131e-03 7.917571186711405001e-03
7.000000000000000000e+02 1.686573653757722025e-03 5.183905016283283686e-03 9.676851381229619256e-03 4.728534277496888177e-02 9.067080193944215847e-09 2.167916225895544910e-08 8.240905863353738682e-06 1.387727688142550812e-03 2.861453933316502989e-03 3.690406614699689829e-03 6.442308660552081671e-03 7.637132747343090659e-03 1.686573653757722025e-03 5.183905016283283686e-03 9.676851381229619256e-03 4.728534277496888177e-02 9.067080193944215847e-09 2.167916225895544910e-08 8.240905863353738682e-06 1.387727688142550812e-03 2.861453933316502989e-03 3.690406614699689829e-03 6.442308660552081671e-03 7.637132747343090659e-03
1.050000000000000000e+03 1.697857902749777591e-03 4.203095792659607664e-03 1.095912610516591203e-02 5.088317890582799707e-02 1.211984586127390738e-05 8.315822011062966288e-06 8.381525818908129204e-07 1.133069012877843760e-03 3.287459133751982534e-03 3.740088963735038307e-03 5.605555803234989719e-03 6.019182790697758662e-03 1.697857902749777591e-03 4.203095792659607664e-03 1.095912610516591203e-02 5.088317890582799707e-02 1.211984586127390738e-05 8.315822011062966288e-06 8.381525818908129204e-07 1.133069012877843760e-03 3.287459133751982534e-03 3.740088963735038307e-03 5.605555803234989719e-03 6.019182790697758662e-03
1.400000000000000000e+03 1.727221263040335745e-03 4.767202422206642809e-03 1.022195122523149834e-02 4.815571779008699649e-02 3.399049533579309642e-07 1.152656155144677987e-08 3.893447261961690805e-06 1.463038966920840326e-03 1.963376743410471387e-03 2.915041120061400218e-03 5.497900904595161807e-03 7.435450284887627943e-03 1.727221263040335745e-03 4.767202422206642809e-03 1.022195122523149834e-02 4.815571779008699649e-02 3.399049533579309642e-07 1.152656155144677987e-08 3.893447261961690805e-06 1.463038966920840326e-03 1.963376743410471387e-03 2.915041120061400218e-03 5.497900904595161807e-03 7.435450284887627943e-03
1.750000000000000000e+03 1.713196820181420122e-03 4.846809537406033402e-03 1.022880980329840886e-02 4.898238027928830673e-02 1.168398605506139696e-06 5.493103431469805326e-12 3.762609209262719587e-06 1.379220664807129931e-03 1.681474122106388878e-03 2.633137738548694661e-03 5.272281610694031992e-03 6.949386416124130050e-03 1.713196820181420122e-03 4.846809537406033402e-03 1.022880980329840886e-02 4.898238027928830673e-02 1.168398605506139696e-06 5.493103431469805326e-12 3.762609209262719587e-06 1.379220664807129931e-03 1.681474122106388878e-03 2.633137738548694661e-03 5.272281610694031992e-03 6.949386416124130050e-03
2.100000000000000000e+03 1.733195904034875263e-03 5.013498293852492599e-03 1.030828013247574171e-02 4.867696078281322225e-02 1.335630095656078445e-08 1.063974427369651351e-09 4.084477494865040357e-06 1.432669002300318486e-03 1.446556400257924561e-03 2.493248159530767494e-03 5.198336034283523518e-03 7.121251884236492503e-03 1.733195904034875263e-03 5.013498293852492599e-03 1.030828013247574171e-02 4.867696078281322225e-02 1.335630095656078445e-08 1.063974427369651351e-09 4.084477494865040357e-06 1.432669002300318486e-03 1.446556400257924561e-03 2.493248159530767494e-03 5.198336034283523518e-03 7.121251884236492503e-03
2.450000000000000000e+03 1.725571680792859115e-03 5.067217337368008258e-03 1.034246435617421252e-02 4.866037385873671350e-02 2.881144548364700369e-09 2.609004899871930828e-10 4.042812474700460463e-06 1.435410860909697075e-03 1.402843566043996369e-03 2.462154663248583477e-03 5.180050757938428445e-03 7.079888495421546996e-03 1.725571680792859115e-03 5.067217337368008258e-03 1.034246435617421252e-02 4.866037385873671350e-02 2.881144548364700369e-09 2.609004899871930828e-10 4.042812474700460463e-06 1.435410860909697075e-03 1.402843566043996369e-03 2.462154663248583477e-03 5.180050757938428445e-03 7.079888495421546996e-03
2.800000000000000000e+03 1.824526824372665543e-03 4.927605735319379870e-03 1.046699859024794593e-02 4.810966623574834677e-02 4.145394085095028394e-06 2.122665195797045802e-06 3.122386443421139286e-06 1.516193599316789870e-03 1.440067043395185618e-03 2.542518242123112480e-03 5.183916920180050431e-03 7.452287296275167741e-03 1.824526824372665543e-03 4.927605735319379870e-03 1.046699859024794593e-02 4.810966623574834677e-02 4.145394085095028394e-06 2.122665195797045802e-06 3.122386443421139286e-06 1.516193599316789870e-03 1.440067043395185618e-03 2.542518242123112480e-03 5.183916920180050431e-03 7.452287296275167741e-03
3.150000000000000000e+03 1.705761067992703781e-03 5.068150922029625825e-03 1.021066514889769697e-02 4.863668927996117608e-02 1.217964475039364231e-07 2.235331275074341169e-08 5.334083327035880814e-06 1.448238948326523775e-03 1.421381844166387824e-03 2.439525473492526551e-03 5.229310723595839532e-03 7.142750983848059239e-03 1.705761067992703781e-03 5.068150922029625825e-03 1.021066514889769697e-02 4.863668927996117608e-02 1.217964475039364231e-07 2.235331275074341169e-08 5.334083327035880814e-06 1.448238948326523775e-03 1.421381844166387824e-03 2.439525473492526551e-03 5.229310723595839532e-03 7.142750983848059239e-03
3.500000000000000000e+03 1.725992521781118290e-03 5.112672383608130901e-03 9.965501796171817583e-03 4.883453960190983073e-02 2.134641243080161310e-07 9.667695812294084275e-08 9.238324120532969607e-06 1.422800422990332537e-03 1.423977878460534014e-03 2.454217544676977423e-03 5.333963091144204756e-03 7.028538327774793391e-03 1.725992521781118290e-03 5.112672383608130901e-03 9.965501796171817583e-03 4.883453960190983073e-02 2.134641243080161310e-07 9.667695812294084275e-08 9.238324120532969607e-06 1.422800422990332537e-03 1.423977878460534014e-03 2.454217544676977423e-03 5.333963091144204756e-03 7.028538327774793391e-03
3.850000000000000000e+03 1.704612532063798282e-03 5.115123439696171032e-03 1.002397888942821273e-02 4.864751678623840947e-02 1.430376798745448292e-07 1.691952373352025290e-07 9.025494597976350329e-06 1.441380769670174301e-03 1.445183646717347050e-03 2.450258842921774344e-03 5.318950233429666462e-03 7.127503344942474200e-03 1.704612532063798282e-03 5.115123439696171032e-03 1.002397888942821273e-02 4.864751678623840947e-02 1.430376798745448292e-07 1.691952373352025290e-07 9.025494597976350329e-06 1.441380769670174301e-03 1.445183646717347050e-03 2.450258842921774344e-03 5.318950233429666462e-03 7.127503344942474200e-03
4.200000000000000000e+03 1.702578582102913778e-03 5.067127248266739895e-03 1.034281340228765562e-02 4.844767153161649853e-02 1.030223176068688983e-10 1.359521819394603091e-08 3.664201715915029340e-06 1.463600709569419728e-03 1.434192701897051263e-03 2.423911455131945534e-03 5.161502774726893852e-03 7.197307863047956895e-03 1.702578582102913778e-03 5.067127248266739895e-03 1.034281340228765562e-02 4.844767153161649853e-02 1.030223176068688983e-10 1.359521819394603091e-08 3.664201715915029340e-06 1.463600709569419728e-03 1.434192701897051263e-03 2.423911455131945534e-03 5.161502774726893852e-03 7.197307863047956895e-03
4.550000000000000000e+03 1.711945240264343667e-03 5.207732401161208058e-03 1.012212359834092218e-02 4.870295590373451694e-02 5.778525796309613153e-08 6.855755753013483468e-07 6.098661713584843293e-06 1.422163537398165190e-03 1.430527878244751893e-03 2.388573976909875649e-03 5.220370441449631409e-03 7.028741679114456319e-03 1.711945240264343667e-03 5.207732401161208058e-03 1.012212359834092218e-02 4.870295590373451694e-02 5.778525796309613153e-08 6.855755753013483468e-07 6.098661713584843293e-06 1.422163537398165190e-03 1.430527878244751893e-03 2.388573976909875649e-03 5.220370441449631409e-03 7.028741679114456319e-03
4.900000000000000000e+03 1.724298471018871019e-03 5.036044354910611254e-03 1.030291248003762684e-02 4.889041140241867645e-02 1.848162699863219056e-08 7.730941161542840847e-07 3.868608755185747761e-06 1.371493844180646281e-03 1.438473357995503259e-03 2.465629880918662666e-03 5.114312695318373389e-03 6.870543745431127204e-03 1.724298471018871019e-03 5.036044354910611254e-03 1.030291248003762684e-02 4.889041140241867645e-02 1.848162699863219056e-08 7.730941161542840847e-07 3.868608755185747761e-06 1.371493844180646281e-03 1.438473357995503259e-03 2.465629880918662666e-03 5.114312695318373389e-03 6.870543745431127204e-03
5.250000000000000000e+03 1.688636333802927877e-03 5.605037218121083041e-03 8.695707258611032331e-03 4.999350668812779092e-02 3.889086617234476404e-09 3.614701920717801202e-06 5.317568432106816665e-05 1.323107306913148557e-03 1.407847798869069035e-03 2.385844392576643748e-03 6.327199501922084988e-03 6.593346424998329861e-03 1.688636333802927877e-03 5.605037218121083041e-03 8.695707258611032331e-03 4.999350668812779092e-02 3.889086617234476404e-09 3.614701920717801202e-06 5.317568432106816665e-05 1.323107306913148557e-03 1.407847798869069035e-03 2.385844392576643748e-03 6.327199501922084988e-03 6.593346424998329861e-03
5.600000000000000000e+03 1.736143361203186172e-03 5.273799055896623289e-03 9.812637767971175290e-03 4.744078953973717566e-02 7.916994671522490168e-06 1.625392178981706459e-06 2.095156921385773636e-05 1.710663413608045236e-03 1.474556217928611485e-03 2.423079379719009566e-03 5.693184747456312561e-03 7.953131674957819239e-03 1.736143361203186172e-03 5.273799055896623289e-03 9.812637767971175290e-03 4.744078953973717566e-02 7.916994671522490168e-06 1.625392178981706459e-06 2.095156921385773636e-05 1.710663413608045236e-03 1.474556217928611485e-03 2.423079379719009566e-03 5.693184747456312561e-03 7.953131674957819239e-03
5.950000000000000000e+03 1.688636319166412136e-03 5.050707982335269318e-03 1.023211828961546367e-02 4.871749441674503439e-02 8.684155868562805875e-09 2.507449091496173128e-08 5.163016564694699897e-06 1.410566098033141100e-03 1.431191238112283423e-03 2.434400989707018789e-03 5.159595648943319547e-03 7.009835916042227166e-03 1.688636319166412136e-03 5.050707982335269318e-03 1.023211828961546367e-02 4.871749441674503439e-02 8.684155868562805875e-09 2.507449091496173128e-08 5.163016564694699897e-06 1.410566098033141100e-03 1.431191238112283423e-03 2.434400989707018789e-03 5.159595648943319547e-03 7.009835916042227166e-03
6.300000000000000000e+03 1.691891739692963836e-03 5.032336448197091520e-03 1.028997364508371822e-02 4.860688025847238053e-02 2.471591771626392148e-09 1.339442109865681346e-08 4.368767766523205223e-06 1.428456959829968584e-03 1.425529877791394725e-03 2.438924203495707998e-03 5.132733436853181667e-03 7.066852822679352795e-03 1.691891739692963836e-03 5.032336448197091520e-03 1.028997364508371822e-02 4.860688025847238053e-02 2.471591771626392148e-09 1.339442109865681346e-08 4.368767766523205223e-06 1.428456959829968584e-03 1.425529877791394725e-03 2.438924203495707998e-03 5.132733436853181667e-03 7.066852822679352795e-03
6.650000000000000000e+03 1.657734665075819621e-03 5.048217010114806370e-03 1.028122820667071689e-02 4.852163603994696234e-02 4.554919175438377495e-05 1.024418635192532107e-05 4.628209490950184109e-06 1.132511140894012927e-03 1.442478401116009624e-03 2.549026727607183948e-03 5.237575913987852806e-03 7.280457993577238440e-03 1.657734665075819621e-03 5.048217010114806370e-03 1.028122820667071689e-02 4.852163603994696234e-02 4.554919175438377495e-05 1.024418635192532107e-05 4.628209490950184109e-06 1.132511140894012927e-03 1.442478401116009624e-03 2.549026727607183948e-03 5.237575913987852806e-03 7.280457993577238440e-03
7.000000000000000000e+03 1.687414493887752238e-03 5.017025992161192223e-03 1.041955752699698715e-02 4.850510700754233351e-02 1.772159525788963577e-07 1.183362929325515852e-09 2.529338757207147790e-06 1.423344758557870161e-03 1.410108317085826323e-03 2.433616388420949041e-03 5.082788557648605654e-03 7.101515554749224940e-03 1.687414493887752238e-03 5.017025992161192223e-03 1.041955752699698715e-02 4.850510700754233351e-02 1.772159525788963577e-07 1.183362929325515852e-09 2.529338757207147790e-06 1.423344758557870161e-03 1.410108317085826323e-03 2.433616388420949041e-03 5.082788557648605654e-03 7.101515554749224940e-03
7.350000000000000000e+03 1.932973381807814037e-03 4.351001062883577859e-03 1.184799460053625325e-02 4.867005075919452611e-02 8.707517588118606888e-05 1.663662515851718570e-05 1.425639355957395294e-06 1.477830489692092287e-03 2.959049322290931844e-03 2.750590991231610487e-03 4.970572904958172125e-03 6.677900586849913785e-03 1.932973381807814037e-03 4.351001062883577859e-03 1.184799460053625325e-02 4.867005075919452611e-02 8.707517588118606888e-05 1.663662515851718570e-05 1.425639355957395294e-06 1.477830489692092287e-03 2.959049322290931844e-03 2.750590991231610487e-03 4.970572904958172125e-03 6.677900586849913785e-03
7.700000000000000000e+03 1.681178612771437944e-03 4.604197324472979712e-03 1.105131207137496560e-02 5.033334772631290616e-02 6.899868618061905828e-05 5.055754224511892751e-05 1.346886650259219858e-06 9.116711675956402396e-04 2.105971347948534453e-03 2.625747547401293021e-03 4.829358671855255199e-03 6.218882093697841382e-03 1.681178612771437944e-03 4.604197324472979712e-03 1.105131207137496560e-02 5.033334772631290616e-02 6.899868618061905828e-05 5.055754224511892751e-05 1.346886650259219858e-06 9.116711675956402396e-04 2.105971347948534453e-03 2.625747547401293021e-03 4.829358671855255199e-03 6.218882093697841382e-03
8.050000000000000000e+03 1.700680191592241408e-03 5.014446954013954301e-03 1.026186408599690306e-02 4.876480137707150248e-02 1.385280133233897199e-10 3.596075196531220407e-07 4.392017566300612868e-06 1.411217759326039963e-03 1.383653463386872156e-03 2.432930212264754633e-03 5.103792281566160369e-03 6.959220402061440901e-03 1.700680191592241408e-03 5.014446954013954301e-03 1.026186408599690306e-02 4.876480137707150248e-02 1.385280133233897199e-10 3.596075196531220407e-07 4.392017566300612868e-06 1.411217759326039963e-03 1.383653463386872156e-03 2.432930212264754633e-03 5.103792281566160369e-03 6.959220402061440901e-03
8.400000000000000000e+03 1.710922168884865214e-03 4.980132205133467466e-03 1.032668448444675965e-02 4.850226141729267748e-02 1.246106872578146634e-08 4.773960459185485907e-09 3.974542624398326828e-06 1.430953612897143410e-03 1.385255873056890838e-03 2.443883215138978673e-03 5.103830859663485535e-03 7.129673774982274968e-03 1.710922168884865214e-03 4.980132205133467466e-03 1.032668448444675965e-02 4.850226141729267748e-02 1.246106872578146634e-08 4.773960459185485907e-09 3.974542624398326828e-06 1.430953612897143410e-03 1.385255873056890838e-03 2.443883215138978673e-03 5.103830859663485535e-03 7.129673774982274968e-03
8.750000000000000000e+03 1.721451937752219337e-03 5.032939550211211824e-03 1.017276163532189817e-02 4.862088809512526283e-02 1.412401369387141819e-07 9.506744269096638770e-08 6.515132551662342194e-06 1.451571186025904991e-03 1.372270847920273578e-03 2.435505189979986738e-03 5.177595906250153160e-03 7.018644365948675974e-03 1.721451937752219337e-03 5.032939550211211824e-03 1.017276163532189817e-02 4.862088809512526283e-02 1.412401369387141819e-07 9.506744269096638770e-08 6.515132551662342194e-06 1.451571186025904991e-03 1.372270847920273578e-03 2.435505189979986738e-03 5.177595906250153160e-03 7.018644365948675974e-03
9.100000000000000000e+03 1.710452703448035391e-03 4.822452745393395954e-03 1.104250800519826839e-02 4.831336884897050737e-02 3.828717687832253145e-07 2.391989538546403681e-06 2.509657173736384137e-07 1.378602405252485471e-03 1.394285343706666526e-03 2.437516230153119901e-03 4.889034178249404387e-03 7.158847686606886231e-03 1.710452703448035391e-03 4.822452745393395954e-03 1.104250800519826839e-02 4.831336884897050737e-02 3.828717687832253145e-07 2.391989538546403681e-06 2.509657173736384137e-07 1.378602405252485471e-03 1.394285343706666526e-03 2.437516230153119901e-03 4.889034178249404387e-03 7.158847686606886231e-03
9.450000000000000000e+03 1.762855664541297012e-03 4.774412568298551027e-03 9.879528477338200484e-03 4.930361527653800979e-02 5.721937751956989945e-08 2.068186259512084543e-06 1.719521196895102522e-05 1.393941277949230576e-03 1.660634592989790543e-03 2.759727553527748390e-03 5.254313457825989832e-03 6.692045774118411498e-03 1.762855664541297012e-03 4.774412568298551027e-03 9.879528477338200484e-03 4.930361527653800979e-02 5.721937751956989945e-08 2.068186259512084543e-06 1.719521196895102522e-05 1.393941277949230576e-03 1.660634592989790543e-03 2.759727553527748390e-03 5.254313457825989832e-03 6.692045774118411498e-03
9.800000000000000000e+03 1.763268488178361144e-03 5.283715723545535578e-03 1.064131153479831379e-02 4.790358791164768537e-02 6.992275285633308725e-05 8.361248927362524824e-05 1.982209855339515809e-07 1.710709679995851872e-03 1.336326000017305695e-03 2.266020305634894663e-03 4.953901632476784625e-03 7.289268343131855184e-03 1.763268488178361144e-03 5.283715723545535578e-03 1.064131153479831379e-02 4.790358791164768537e-02 6.992275285633308725e-05 8.361248927362524824e-05 1.982209855339515809e-07 1.710709679995851872e-03 1.336326000017305695e-03 2.266020305634894663e-03 4.953901632476784625e-03 7.289268343131855184e-03
1.015000000000000000e+04 1.739204675096518672e-03 4.971260971847744556e-03 1.038864197709840100e-02 4.847410629941324711e-02 5.478556781428417459e-08 3.517382274911152870e-07 2.971492379150068657e-06 1.431020599503343314e-03 1.360579632233038707e-03 2.435041337681423824e-03 5.074143499396177766e-03 7.098743505115173887e-03 1.739204675096518672e-03 4.971260971847744556e-03 1.038864197709840100e-02 4.847410629941324711e-02 5.478556781428417459e-08 3.517382274911152870e-07 2.971492379150068657e-06 1.431020599503343314e-03 1.360579632233038707e-03 2.435041337681423824e-03 5.074143499396177766e-03 7.098743505115173887e-03
1.050000000000000000e+04 1.730484674974976317e-03 4.985677278759210150e-03 1.042028593995296924e-02 4.849474272707186145e-02 3.440513074000540747e-07 2.125547274630217059e-06 1.510422646326812374e-06 1.390391430022797038e-03 1.372757735883352575e-03 2.392251640030075132e-03 5.053992078073653652e-03 7.133866000811338835e-03 1.730484674974976317e-03 4.985677278759210150e-03 1.042028593995296924e-02 4.849474272707186145e-02 3.440513074000540747e-07 2.125547274630217059e-06 1.510422646326812374e-06 1.390391430022797038e-03 1.372757735883352575e-03 2.392251640030075132e-03 5.053992078073653652e-03 7.133866000811338835e-03
1.085000000000000000e+04 1.725011001927518944e-03 5.046503506474202781e-03 9.894268821011702533e-03 4.944070551396260310e-02 4.239192371253563087e-06 3.205729605750647159e-06 8.432340191144990367e-06 1.288668428042514386e-03 1.360780680137468283e-03 2.445272194622932424e-03 5.214422597201415731e-03 6.609531492191879354e-03 1.725011001927518944e-03 5.046503506474202781e-03 9.894268821011702533e-03 4.944070551396260310e-02 4.239192371253563087e-06 3.205729605750647159e-06 8.432340191144990367e-06 1.288668428042514386e-03 1.360780680137468283e-03 2.445272194622932424e-03 5.214422597201415731e-03 6.609531492191879354e-03
1.120000000000000000e+04 1.766118364814885881e-03 4.897170652651776541e-03 1.063070085007335186e-02 4.796720827762825795e-02 1.450126300288252724e-06 1.390014208968227383e-07 1.422823064163876499e-06 1.535859287492240179e-03 1.360148164368179050e-03 2.431828949523014063e-03 5.013122302258548116e-03 7.391861137284166244e-03 1.766118364814885881e-03 4.897170652651776541e-03 1.063070085007335186e-02 4.796720827762825795e-02 1.450126300288252724e-06 1.390014208968227383e-07 1.422823064163876499e-06 1.535859287492240179e-03 1.360148164368179050e-03 2.431828949523014063e-03 5.013122302258548116e-03 7.391861137284166244e-03
1.155000000000000000e+04 1.787407239981233858e-03 5.233389102327373754e-03 9.409718810139675038e-03 4.830056998207662988e-02 1.405947184503757699e-05 5.617365909382283436e-06 1.719865874472784062e-05 1.697833007872275903e-03 1.443120839593231520e-03 2.416945600906118471e-03 5.696881429837483309e-03 7.325107299010001627e-03 1.787407239981233858e-03 5.233389102327373754e-03 9.409718810139675038e-03 4.830056998207662988e-02 1.405947184503757699e-05 5.617365909382283436e-06 1.719865874472784062e-05 1.697833007872275903e-03 1.443120839593231520e-03 2.416945600906118471e-03 5.696881429837483309e-03 7.325107299010001627e-03
1.190000000000000000e+04 1.724497110728967410e-03 4.999288920293665228e-03 1.035572803851433216e-02 4.830555106484143990e-02 3.665408392896597968e-06 4.418540692325406594e-07 1.837320499714786012e-06 1.482146565279261058e-03 1.401799166495313644e-03 2.421198452965256723e-03 5.076017263808783354e-03 7.200432056028835751e-03 1.724497110728967410e-03 4.999288920293665228e-03 1.035572803851433216e-02 4.830555106484143990e-02 3.665408392896597968e-06 4.418540692325406594e-07 1.837320499714786012e-06 1.482146565279261058e-03 1.401799166495313644e-03 2.421198452965256723e-03 5.076017263808783354e-03 7.200432056028835751e-03
1.225000000000000000e+04 1.743717436919845452e-03 4.979303829272162252e-03 1.039753311830263552e-02 4.847895804952322141e-02 2.723276582128097540e-07 2.451259439658084458e-08 3.052539984560044828e-06 1.399250120431939698e-03 1.358127256641484745e-03 2.409878679962683228e-03 5.052682070548248847e-03 7.109914392759514312e-03 1.743717436919845452e-03 4.979303829272162252e-03 1.039753311830263552e-02 4.847895804952322141e-02 2.723276582128097540e-07 2.451259439658084458e-08 3.052539984560044828e-06 1.399250120431939698e-03 1.358127256641484745e-03 2.409878679962683228e-03 5.052682070548248847e-03 7.109914392759514312e-03
1.260000000000000000e+04 1.715256852563876123e-03 5.020600283324282501e-03 1.085926557726799198e-02 4.786813697099159826e-02 8.519118266153668582e-07 7.066630053820330329e-07 1.724046951431332881e-07 1.444188920932279983e-03 1.379594577937607973e-03 2.376089985068534187e-03 4.931339468804691109e-03 7.463962217962688897e-03 1.715256852563876123e-03 5.020600283324282501e-03 1.085926557726799198e-02 4.786813697099159826e-02 8.519118266153668582e-07 7.066630053820330329e-07 1.724046951431332881e-07 1.444188920932279983e-03 1.379594577937607973e-03 2.376089985068534187e-03 4.931339468804691109e-03 7.463962217962688897e-03
1.295000000000000000e+04 1.752207896970807942e-03 4.950106530246318332e-03 1.032121198940073176e-02 4.856036339860164697e-02 1.009462712446514846e-10 1.661037440836989659e-07 4.000641081022700184e-06 1.400781849440497790e-03 1.358270607917922996e-03 2.432165790145590471e-03 5.076410114631718998e-03 7.050718595986463395e-03 1.752207896970807942e-03 4.950106530246318332e-03 1.032121198940073176e-02 4.856036339860164697e-02 1.009462712446514846e-10 1.661037440836989659e-07 4.000641081022700184e-06 1.400781849440497790e-03 1.358270607917922996e-03 2.432165790145590471e-03 5.076410114631718998e-03 7.050718595986463395e-03
1.330000000000000000e+04 1.744621167107690335e-03 4.944552405081956321e-03 1.023475792828705024e-02 4.888118164516155190e-02 3.528896094421793840e-06 1.686847220216746530e-05 2.391940206245100705e-06 1.845935960955562890e-03 1.349699353840609801e-03 2.540824840116006830e-03 5.017608182199588540e-03 6.485473742459261018e-03 1.744621167107690335e-03 4.944552405081956321e-03 1.023475792828705024e-02 4.888118164516155190e-02 3.528896094421793840e-06 1.686847220216746530e-05 2.391940206245100705e-06 1.845935960955562890e-03 1.349699353840609801e-03 2.540824840116006830e-03 5.017608182199588540e-03 6.485473742459261018e-03
1.365000000000000000e+04 1.760588297940178602e-03 5.121118840955569962e-03 9.718199959621455497e-03 4.876198985665739644e-02 1.557826808353262908e-06 9.482802905234377327e-07 8.472497350426023380e-06 1.516863875754640920e-03 1.371884549865047456e-03 2.417976000196957100e-03 5.360421745860686343e-03 6.938482558259933229e-03 1.760588297940178602e-03 5.121118840955569962e-03 9.718199959621455497e-03 4.876198985665739644e-02 1.557826808353262908e-06 9.482802905234377327e-07 8.472497350426023380e-06 1.516863875754640920e-03 1.371884549865047456e-03 2.417976000196957100e-03 5.360421745860686343e-03 6.938482558259933229e-03
1.400000000000000000e+04 1.741285529901745932e-03 5.046263978631729090e-03 1.009140820437950774e-02 4.805551512794981744e-02 3.525941304099372210e-08 4.762363292077754409e-07 3.522641247129810943e-06 1.530951408776027580e-03 1.385706792181895606e-03 2.422788780117460152e-03 5.232573689226546407e-03 7.381982619556386703e-03 1.741285529901745932e-03 5.046263978631729090e-03 1.009140820437950774e-02 4.805551512794981744e-02 3.525941304099372210e-08 4.762363292077754409e-07 3.522641247129810943e-06 1.530951408776027580e-03 1.385706792181895606e-03 2.422788780117460152e-03 5.232573689226546407e-03 7.381982619556386703e-03
1.435000000000000000e+04 1.761904656219835750e-03 5.036968566033233480e-03 1.014873236052334267e-02 4.872671422626390081e-02 3.357767791241848193e-08 8.009499476731010198e-09 4.526772645947624239e-06 1.337111545698497226e-03 1.345276796469292496e-03 2.416166091957325408e-03 5.131470948416137247e-03 6.929660320609805010e-03 1.761904656219835750e-03 5.036968566033233480e-03 1.014873236052334267e-02 4.872671422626390081e-02 3.357767791241848193e-08 8.009499476731010198e-09 4.526772645947624239e-06 1.337111545698497226e-03 1.345276796469292496e-03 2.416166091957325408e-03 5.131470948416137247e-03 6.929660320609805010e-03
1.470000000000000000e+04 1.741469224064141853e-03 5.017664722935128233e-03 1.013561113769677856e-02 4.830326710281244995e-02 2.455974408895397884e-06 3.912757057944668281e-08 4.116245501518655494e-06 1.263533862534045116e-03 1.367016982808087495e-03 2.435155201458239459e-03 5.219532807124525886e-03 7.321176434374901051e-03 1.741469224064141853e-03 5.017664722935128233e-03 1.013561113769677856e-02 4.830326710281244995e-02 2.455974408895397884e-06 3.912757057944668281e-08 4.116245501518655494e-06 1.263533862534045116e-03 1.367016982808087495e-03 2.435155201458239459e-03 5.219532807124525886e-03 7.321176434374901051e-03
1.505000000000000000e+04 1.714523791495387375e-03 4.927700077376750976e-03 1.055396585251692360e-02 4.732855759219049135e-02 1.169696482095072615e-06 3.898969647819396521e-09 2.006349408616068489e-06 1.513432764900547300e-03 1.588294045138315689e-03 2.470290233090466619e-03 5.091493207118268603e-03 7.789667130160105903e-03 1.714523791495387375e-03 4.927700077376750976e-03 1.055396585251692360e-02 4.732855759219049135e-02 1.169696482095072615e-06 3.898969647819396521e-09 2.006349408616068489e-06 1.513432764900547300e-03 1.588294045138315689e-03 2.470290233090466619e-03 5.091493207118268603e-03 7.789667130160105903e-03
1.540000000000000000e+04 1.723123702523949620e-03 4.995644858869249631e-03 1.035305617901609125e-02 4.765947754882191023e-02 9.023418362172608888e-08 2.651409546336425543e-07 2.906175372664581456e-06 1.362005432377413070e-03 1.403590323213571057e-03 2.409575150744754958e-03 5.135694540692262340e-03 7.408033565436238262e-03 1.723123702523949620e-03 4.995644858869249631e-03 1.035305617901609125e-02 4.765947754882191023e-02 9.023418362172608888e-08 2.651409546336425543e-07 2.906175372664581456e-06 1.362005432377413070e-03 1.403590323213571057e-03 2.409575150744754958e-03 5.135694540692262340e-03 7.408033565436238262e-03
1.575000000000000000e+04 1.680547999459502473e-03 4.879310852665920926e-03 9.916565666472376001e-03 3.853141231922713184e-02 9.253263156550616265e-07 7.109356864478106558e-07 1.480592542664147689e-07 5.422687788551467649e-04 1.491382224467460542e-03 2.541706405919873148e-03 5.515750265019595498e-03 8.074768338370208118e-03 1.680547999459502473e-03 4.879310852665920926e-03 9.916565666472376001e-03 3.853141231922713184e-02 9.253263156550616265e-07 7.109356864478106558e-07 1.480592542664147689e-07 5.422687788551467649e-04 1.491382224467460542e-03 2.541706405919873148e-03 5.515750265019595498e-03 8.074768338370208118e-03
1.610000000000000000e+04 1.705140785456767723e-03 4.682277812769406779e-03 8.847894234255949952e-03 2.544961432359254053e-02 3.093181793693471942e-10 2.501719196186970836e-10 1.694994592269660238e-08 2.973384871673808888e-08 1.318958306413048429e-03 2.401996354338314758e-03 5.394971993254480541e-03 1.553422545172096839e-02 1.705140785456767723e-03 4.682277812769406779e-03 8.847894234255949952e-03 2.544961432359254053e-02 3.093181793693471942e-10 2.501719196186970836e-10 1.694994592269660238e-08 2.973384871673808888e-08 1.318958306413048429e-03 2.401996354338314758e-03 5.394971993254480541e-03 1.553422545172096839e-02
1.645000000000000000e+04 1.677202034210366127e-03 4.643994653236452157e-03 8.898998884453154790e-03 2.540808936333987730e-02 8.066329982785418747e-10 6.104616222356237905e-10 1.477660364682906842e-10 2.269651578873247576e-08 1.334110721224105725e-03 2.382299849899016230e-03 5.383899921407042828e-03 1.544379396414231366e-02 1.677202034210366127e-03 4.643994653236452157e-03 8.898998884453154790e-03 2.540808936333987730e-02 8.066329982785418747e-10 6.104616222356237905e-10 1.477660364682906842e-10 2.269651578873247576e-08 1.334110721224105725e-03 2.382299849899016230e-03 5.383899921407042828e-03 1.544379396414231366e-02
1.680000000000000000e+04 1.682016201728513171e-03 4.623189590288437692e-03 8.942003504442798748e-03 2.531962121411734587e-02 4.079828173045518666e-08 3.648882641868011732e-09 6.201236584064891724e-10 4.070896879632039698e-10 1.329406250277094829e-03 2.390556374695700526e-03 5.374491196745199463e-03 1.548437011758511776e-02 1.682016201728513171e-03 4.623189590288437692e-03 8.942003504442798748e-03 2.531962121411734587e-02 4.079828173045518666e-08 3.648882641868011732e-09 6.201236584064891724e-10 4.070896879632039698e-10 1.329406250277094829e-03 2.390556374695700526e-03 5.374491196745199463e-03 1.548437011758511776e-02
1.715000000000000000e+04 1.677804136782994407e-03 4.637042913816841715e-03 8.895709965131989860e-03 2.531097553518575627e-02 3.548168284139436546e-11 3.622261374524456538e-10 1.397218385320893909e-11 1.378151355844834487e-09 1.334801073937969288e-03 2.383267329088182597e-03 5.374534540767528235e-03 1.550735612017120450e-02 1.677804136782994407e-03 4.637042913816841715e-03 8.895709965131989860e-03 2.531097553518575627e-02 3.548168284139436546e-11 3.622261374524456538e-10 1.397218385320893909e-11 1.378151355844834487e-09 1.334801073937969288e-03 2.383267329088182597e-03 5.374534540767528235e-03 1.550735612017120450e-02
1.750000000000000000e+04 1.699079201158620834e-03 4.612525764045865770e-03 8.923008759786375810e-03 2.532180903970261687e-02 4.872690166988284385e-09 6.807238551904388260e-09 1.125073031724242041e-10 1.133555032316183961e-10 1.318173935587408285e-03 2.370491649638597001e-03 5.373912270073119037e-03 1.550434736643006677e-02 1.699079201158620834e-03 4.612525764045865770e-03 8.923008759786375810e-03 2.532180903970261687e-02 4.872690166988284385e-09 6.807238551904388260e-09 1.125073031724242041e-10 1.133555032316183961e-10 1.318173935587408285e-03 2.370491649638597001e-03 5.373912270073119037e-03 1.550434736643006677e-02
1.785000000000000000e+04 1.764292658723141775e-03 4.623690567611447172e-03 8.822504678889677224e-03 2.521766732751820617e-02 2.740189166689689292e-06 6.909813199620430322e-08 1.071164085199202601e-07 9.288517481196754030e-08 1.322924932472007223e-03 2.513893960893713673e-03 5.495936045574050487e-03 1.558789348102642205e-02 1.764292658723141775e-03 4.623690567611447172e-03 8.822504678889677224e-03 2.521766732751820617e-02 2.740189166689689292e-06 6.909813199620430322e-08 1.071164085199202601e-07 9.288517481196754030e-08 1.322924932472007223e-03 2.513893960893713673e-03 5.495936045574050487e-03 1.558789348102642205e-02
1.820000000000000000e+04 1.679830249479294857e-03 4.626039749840813765e-03 8.888596353190057406e-03 2.529997733248951983e-02 5.787866687887003656e-09 1.344592959450449903e-08 7.164060897087637321e-10 1.906555769190973708e-11 1.335465994477864730e-03 2.395513084102564479e-03 5.364561244689680305e-03 1.551453989812487562e-02 1.679830249479294857e-03 4.626039749840813765e-03 8.888596353190057406e-03 2.529997733248951983e-02 5.787866687887003656e-09 1.344592959450449903e-08 7.164060897087637321e-10 1.906555769190973708e-11 1.335465994477864730e-03 2.395513084102564479e-03 5.364561244689680305e-03 1.551453989812487562e-02
1.855000000000000000e+04 1.692314785831985089e-03 4.635145350560816724e-03 8.913126014892764487e-03 2.530285724696332977e-02 1.616402860085844030e-07 3.061657180851841972e-08 1.242708142889274184e-09 3.761125987197677874e-09 1.315510551054446635e-03 2.385746518792324859e-03 5.359146019278835001e-03 1.550470213322272493e-02 1.692314785831985089e-03 4.635145350560816724e-03 8.913126014892764487e-03 2.530285724696332977e-02 1.616402860085844030e-07 3.061657180851841972e-08 1.242708142889274184e-09 3.761125987197677874e-09 1.315510551054446635e-03 2.385746518792324859e-03 5.359146019278835001e-03 1.550470213322272493e-02
1.890000000000000000e+04 1.735396281022946827e-03 4.751067368080921088e-03 8.692065368161989297e-03 2.536468313013098136e-02 8.259013049012337292e-06 2.949328309384703757e-08 3.598651707643831859e-07 3.535675140807850168e-07 1.319203407801456361e-03 2.346881625774349320e-03 5.430579692858277310e-03 1.556227021379122735e-02 1.735396281022946827e-03 4.751067368080921088e-03 8.692065368161989297e-03 2.536468313013098136e-02 8.259013049012337292e-06 2.949328309384703757e-08 3.598651707643831859e-07 3.535675140807850168e-07 1.319203407801456361e-03 2.346881625774349320e-03 5.430579692858277310e-03 1.556227021379122735e-02
1.925000000000000000e+04 1.652813997509863060e-03 4.586240733766294361e-03 9.182167008764641550e-03 2.524587868909557858e-02 1.444836735355964829e-06 3.858186386447233687e-08 1.500678265542445426e-07 6.581864499454831392e-07 1.344240190041728683e-03 2.403822009406510630e-03 5.359874413907454033e-03 1.539705970536073623e-02 1.652813997509863060e-03 4.586240733766294361e-03 9.182167008764641550e-03 2.524587868909557858e-02 1.444836735355964829e-06 3.858186386447233687e-08 1.500678265542445426e-07 6.581864499454831392e-07 1.344240190041728683e-03 2.403822009406510630e-03 5.359874413907454033e-03 1.539705970536073623e-02
1.960000000000000000e+04 1.667533553282019281e-03 4.756879399768449562e-03 8.527289586964260579e-03 2.546634652030923401e-02 3.241093933293310456e-07 1.537335827498270602e-07 8.026261769139165811e-08 2.288194681834947948e-07 1.354579216434067786e-03 2.389411674761364544e-03 5.490053709418962757e-03 1.553191220051190584e-02 1.667533553282019281e-03 4.756879399768449562e-03 8.527289586964260579e-03 2.546634652030923401e-02 3.241093933293310456e-07 1.537335827498270602e-07 8.026261769139165811e-08 2.288194681834947948e-07 1.354579216434067786e-03 2.389411674761364544e-03 5.490053709418962757e-03 1.553191220051190584e-02
1.995000000000000000e+04 1.723088586851311260e-03 4.666133504934790420e-03 8.783027265408988732e-03 2.513602874348798422e-02 6.099923362305227711e-08 1.658252972453966405e-06 3.965959617270091171e-09 1.413670318757719485e-06 1.546269651424888930e-03 2.477701372001142686e-03 5.412674138497724705e-03 1.571733501013270265e-02 1.723088586851311260e-03 4.666133504934790420e-03 8.783027265408988732e-03 2.513602874348798422e-02 6.099923362305227711e-08 1.658252972453966405e-06 3.965959617270091171e-09 1.413670318757719485e-06 1.546269651424888930e-03 2.477701372001142686e-03 5.412674138497724705e-03 1.571733501013270265e-02
2.030000000000000000e+04 1.711994864625757161e-03 4.765217147196354475e-03 8.810173632541815070e-03 2.502376880015341754e-02 1.265308606861588517e-05 9.624428174868767439e-07 9.536368784737780114e-09 3.866725828671403057e-06 1.345940426004371216e-03 2.389472499153910169e-03 5.382537054966794743e-03 1.579818517375664380e-02 1.711994864625757161e-03 4.765217147196354475e-03 8.810173632541815070e-03 2.502376880015341754e-02 1.265308606861588517e-05 9.624428174868767439e-07 9.536368784737780114e-09 3.866725828671403057e-06 1.345940426004371216e-03 2.389472499153910169e-03 5.382537054966794743e-03 1.579818517375664380e-02
2.065000000000000000e+04 1.650363001600789773e-03 4.631618885552156450e-03 8.861850178398619771e-03 2.535793005149740431e-02 1.589637219965169912e-06 3.177248321911906032e-07 3.974174237194025731e-11 5.227110905285056484e-08 1.374635949530237993e-03 2.421691715174491364e-03 5.380688831415567260e-03 1.543550856755804973e-02 1.650363001600789773e-03 4.631618885552156450e-03 8.861850178398619771e-03 2.535793005149740431e-02 1.589637219965169912e-06 3.177248321911906032e-07 3.974174237194025731e-11 5.227110905285056484e-08 1.374635949530237993e-03 2.421691715174491364e-03 5.380688831415567260e-03 1.543550856755804973e-02
2.100000000000000000e+04 1.680151139332415784e-03 4.637315418587113248e-03 8.945333615455132795e-03 2.523729913070463932e-02 1.846839258590799408e-09 1.486380455270966802e-08 8.348789948119758144e-09 3.934035402462703187e-09 1.330055981015193034e-03 2.379766556766874531e-03 5.358138469380491209e-03 1.552816422813948008e-02 1.680151139332415784e-03 4.637315418587113248e-03 8.945333615455132795e-03 2.523729913070463932e-02 1.846839258590799408e-09 1.486380455270966802e-08 8.348789948119758144e-09 3.934035402462703187e-09 1.330055981015193034e-03 2.379766556766874531e-03 5.358138469380491209e-03 1.552816422813948008e-02
2.135000000000000000e+04 1.671725024755176849e-03 4.693311450945806228e-03 8.921061958468643957e-03 2.521598988960524479e-02 1.579190271055933687e-07 5.262281147097499323e-07 1.783172908399878510e-08 9.380571301761228083e-08 1.338283600618802964e-03 2.365670757249046727e-03 5.377884184210487452e-03 1.553972640296354991e-02 1.671725024755176849e-03 4.693311450945806228e-03 8.921061958468643957e-03 2.521598988960524479e-02 1.579190271055933687e-07 5.262281147097499323e-07 1.783172908399878510e-08 9.380571301761228083e-08 1.338283600618802964e-03 2.365670757249046727e-03 5.377884184210487452e-03 1.553972640296354991e-02
2.170000000000000000e+04 1.688337915276047485e-03 4.617654975422743127e-03 9.007167006394844674e-03 2.519575006806715201e-02 6.970560721296965878e-07 6.495632316273111932e-09 3.476177134368032317e-08 4.219043627060700750e-07 1.335168793911152389e-03 2.381549703219125458e-03 5.287118051158484072e-03 1.559329212931022737e-02 1.688337915276047485e-03 4.617654975422743127e-03 9.007167006394844674e-03 2.519575006806715201e-02 6.970560721296965878e-07 6.495632316273111932e-09 3.476177134368032317e-08 4.219043627060700750e-07 1.335168793911152389e-03 2.381549703219125458e-03 5.287118051158484072e-03 1.559329212931022737e-02
2.205000000000000000e+04 1.681417482433926512e-03 4.611927849183640113e-03 9.147223054038587306e-03 2.506994202090490759e-02 9.514487863206856183e-08 1.989425248537071737e-07 1.541940090895059885e-07 2.580997747318898054e-08 1.326682437864788950e-03 2.385648612114963513e-03 5.325630863013095483e-03 1.557637045885013928e-02 1.681417482433926512e-03 4.611927849183640113e-03 9.147223054038587306e-03 2.506994202090490759e-02 9.514487863206856183e-08 1.989425248537071737e-07 1.541940090895059885e-07 2.580997747318898054e-08 1.326682437864788950e-03 2.385648612114963513e-03 5.325630863013095483e-03 1.557637045885013928e-02
2.240000000000000000e+04 1.627989828312471606e-03 4.654832241474980876e-03 8.906150575275431289e-03 2.530373352525472699e-02 7.649236356719019507e-07 3.333744927427436395e-09 2.783989411188954486e-07 1.169787068848339734e-07 1.384892918402126031e-03 2.421592147484129699e-03 5.401802987091910632e-03 1.544031982089215729e-02 1.627989828312471606e-03 4.654832241474980876e-03 8.906150575275431289e-03 2.530373352525472699e-02 7.649236356719019507e-07 3.333744927427436395e-09 2.783989411188954486e-07 1.169787068848339734e-07 1.384892918402126031e-03 2.421592147484129699e-03 5.401802987091910632e-03 1.544031982089215729e-02
2.275000000000000000e+04 1.673678121722589314e-03 4.627034155894165987e-03 8.889695711419551283e-03 2.526350876718197816e-02 1.606819942667237432e-06 8.149826433319929372e-08 7.838817888216954582e-11 6.265599392457189151e-09 1.350221028528607618e-03 2.385718211273483297e-03 5.369007802686078488e-03 1.553869517444434953e-02 1.673678121722589314e-03 4.627034155894165987e-03 8.889695711419551283e-03 2.526350876718197816e-02 1.606819942667237432e-06 8.149826433319929372e-08 7.838817888216954582e-11 6.265599392457189151e-09 1.350221028528607618e-03 2.385718211273483297e-03 5.369007802686078488e-03 1.553869517444434953e-02
2.310000000000000000e+04 1.627018057073707129e-03 4.866775967930645624e-03 8.312281565223575766e-03 2.536518291992927165e-02 1.070419507180292493e-05 4.222776771411113533e-06 1.423570287028852288e-07 3.283365397815802344e-06 1.414746394822171197e-03 2.406401292745726384e-03 5.626762418019224700e-03 1.576202707715214021e-02 1.627018057073707129e-03 4.866775967930645624e-03 8.312281565223575766e-03 2.536518291992927165e-02 1.070419507180292493e-05 4.222776771411113533e-06 1.423570287028852288e-07 3.283365397815802344e-06 1.414746394822171197e-03 2.406401292745726384e-03 5.626762418019224700e-03 1.576202707715214021e-02
2.345000000000000000e+04 1.673375487810943281e-03 4.660819822634599402e-03 8.933117066462711170e-03 2.521736513311947925e-02 2.875365398047997632e-06 1.652220281966109495e-07 4.716824955940718545e-11 3.184055216811807284e-07 1.357534540672398864e-03 2.372693332817628429e-03 5.370300583003378807e-03 1.553234316449446893e-02 1.673375487810943281e-03 4.660819822634599402e-03 8.933117066462711170e-03 2.521736513311947925e-02 2.875365398047997632e-06 1.652220281966109495e-07 4.716824955940718545e-11 3.184055216811807284e-07 1.357534540672398864e-03 2.372693332817628429e-03 5.370300583003378807e-03 1.553234316449446893e-02
2.380000000000000000e+04 1.612708877775134936e-03 4.676689230740272742e-03 8.644916306031157766e-03 2.538419525212804242e-02 5.096953888482540362e-06 1.006905444808062336e-07 7.606829663685001140e-07 2.008205786480847337e-07 1.438697652304063912e-03 2.413985477658830894e-03 5.461181711931554356e-03 1.552882516944408681e-02 1.612708877775134936e-03 4.676689230740272742e-03 8.644916306031157766e-03 2.538419525212804242e-02 5.096953888482540362e-06 1.006905444808062336e-07 7.606829663685001140e-07 2.008205786480847337e-07 1.438697652304063912e-03 2.413985477658830894e-03 5.461181711931554356e-03 1.552882516944408681e-02
2.415000000000000000e+04 1.711950768582965994e-03 4.340150872515392486e-03 9.928648514306654543e-03 2.471696987687778402e-02 4.186738536630983751e-06 1.327327565768841135e-06 5.506618223415997856e-06 4.504907284797493813e-06 1.346963569349377606e-03 2.499084363471281659e-03 5.400241904927578253e-03 1.560488524855850254e-02 1.711950768582965994e-03 4.340150872515392486e-03 9.928648514306654543e-03 2.471696987687778402e-02 4.186738536630983751e-06 1.327327565768841135e-06 5.506618223415997856e-06 4.504907284797493813e-06 1.346963569349377606e-03 2.499084363471281659e-03 5.400241904927578253e-03 1.560488524855850254e-02
2.450000000000000000e+04 1.642207004904464767e-03 4.590778171054624678e-03 8.739146677113760614e-03 2.547954113472139515e-02 1.504258866785574368e-06 2.409106533688120911e-06 6.062765177608807677e-07 6.988294362341441897e-09 1.487300478967392217e-03 2.472701931305352607e-03 5.388862731164591885e-03 1.542490417221858284e-02 1.642207004904464767e-03 4.590778171054624678e-03 8.739146677113760614e-03 2.547954113472139515e-02 1.504258866785574368e-06 2.409106533688120911e-06 6.062765177608807677e-07 6.988294362341441897e-09 1.487300478967392217e-03 2.472701931305352607e-03 5.388862731164591885e-03 1.542490417221858284e-02
2.485000000000000000e+04 1.724278299173297993e-03 4.808385193184067791e-03 8.796944410852941196e-03 2.529293389855506030e-02 4.312619236112314678e-07 4.326353500544034388e-08 1.581932769446434238e-07 5.577917818094905635e-07 1.321754705312643647e-03 2.270870398760849781e-03 5.507071095960183911e-03 1.550448209880297447e-02 1.724278299173297993e-03 4.808385193184067791e-03 8.796944410852941196e-03 2.529293389855506030e-02 4.312619236112314678e-07 4.326353500544034388e-08 1.581932769446434238e-07 5.577917818094905635e-07 1.321754705312643647e-03 2.270870398760849781e-03 5.507071095960183911e-03 1.550448209880297447e-02
2.520000000000000000e+04 1.757014153154465774e-03 4.881754802496847054e-03 8.623625232759364947e-03 2.542908153825674047e-02 9.920695167048599879e-06 8.617102828583505470e-07 2.251830940510797908e-06 7.192058921914274841e-09 1.282460811615306236e-03 2.252510415349716529e-03 5.436719538617276228e-03 1.553981385866457302e-02 1.757014153154465774e-03 4.881754802496847054e-03 8.623625232759364947e-03 2.542908153825674047e-02 9.920695167048599879e-06 8.617102828583505470e-07 2.251830940510797908e-06 7.192058921914274841e-09 1.282460811615306236e-03 2.252510415349716529e-03 5.436719538617276228e-03 1.553981385866457302e-02
2.555000000000000000e+04 1.634254958730963240e-03 4.448487239202142569e-03 9.021353555772737912e-03 2.526226909466239637e-02 1.902765904607247875e-06 2.562345051525772050e-06 1.198932197441512673e-07 1.497800925444429981e-07 1.444614394421043233e-03 2.553330952319353073e-03 5.299567217394921328e-03 1.549354201839943553e-02 1.634254958730963240e-03 4.448487239202142569e-03 9.021353555772737912e-03 2.526226909466239637e-02 1.902765904607247875e-06 2.562345051525772050e-06 1.198932197441512673e-07 1.497800925444429981e-07 1.444614394421043233e-03 2.553330952319353073e-03 5.299567217394921328e-03 1.549354201839943553e-02
2.590000000000000000e+04 1.690096270571231308e-03 4.590896983336616687e-03 8.828620824739430092e-03 2.514260254187843449e-02 4.076547824872166763e-09 1.300703093085653868e-06 2.722358513322176326e-06 2.333550314960002958e-06 1.383674467186975406e-03 2.490381897925206256e-03 5.374517196853643292e-03 1.567584214543821589e-02 1.690096270571231308e-03 4.590896983336616687e-03 8.828620824739430092e-03 2.514260254187843449e-02 4.076547824872166763e-09 1.300703093085653868e-06 2.722358513322176326e-06 2.333550314960002958e-06 1.383674467186975406e-03 2.490381897925206256e-03 5.374517196853643292e-03 1.567584214543821589e-02
2.625000000000000000e+04 1.716779219946034567e-03 4.458536162712609802e-03 8.758366147091509180e-03 2.565887639277788027e-02 4.034468806594029928e-06 2.895399528898158832e-06 4.084328200538051237e-06 5.466590480683240337e-09 1.460076700411771806e-03 2.534822714375971082e-03 5.351880417976265410e-03 1.538697634589487190e-02 1.716779219946034567e-03 4.458536162712609802e-03 8.758366147091509180e-03 2.565887639277788027e-02 4.034468806594029928e-06 2.895399528898158832e-06 4.084328200538051237e-06 5.466590480683240337e-09 1.460076700411771806e-03 2.534822714375971082e-03 5.351880417976265410e-03 1.538697634589487190e-02
2.660000000000000000e+04 1.730245850201835630e-03 4.556900887765239806e-03 9.249283054745725818e-03 2.509386062178677046e-02 2.518432489015498912e-06 8.371365762829105611e-06 2.431816636159859205e-06 2.940803713327002673e-06 1.293734647148839885e-03 2.375053753986374437e-03 5.323826246254900404e-03 1.552575656774907858e-02 1.730245850201835630e-03 4.556900887765239806e-03 9.249283054745725818e-03 2.509386062178677046e-02 2.518432489015498912e-06 8.371365762829105611e-06 2.431816636159859205e-06 2.940803713327002673e-06 1.293734647148839885e-03 2.375053753986374437e-03 5.323826246254900404e-03 1.552575656774907858e-02
2.695000000000000000e+04 1.596555605832493483e-03 4.553355209333570693e-03 9.075619644619337123e-03 2.516864863598906529e-02 3.899470333746960617e-06 9.886945517255309274e-06 2.034628353814537114e-09 7.283692454466774423e-07 1.473391875488122647e-03 2.474809933110344758e-03 5.304415552237413609e-03 1.553242030107461827e-02 1.596555605832493483e-03 4.553355209333570693e-03 9.075619644619337123e-03 2.516864863598906529e-02 3.899470333746960617e-06 9.886945517255309274e-06 2.034628353814537114e-09 7.283692454466774423e-07 1.473391875488122647e-03 2.474809933110344758e-03 5.304415552237413609e-03 1.553242030107461827e-02
2.730000000000000000e+04 1.680005051553913956e-03 4.696783764788151593e-03 8.884841388280653382e-03 2.525115915607331618e-02 2.628454461065059109e-06 1.184369103107593896e-08 3.421279911271701636e-07 6.840136068722538561e-08 1.360357428000288828e-03 2.358307445433169974e-03 5.411643218916711850e-03 1.548604988326683987e-02 1.680005051553913956e-03 4.696783764788151593e-03 8.884841388280653382e-03 2.525115915607331618e-02 2.628454461065059109e-06 1.184369103107593896e-08 3.421279911271701636e-07 6.840136068722538561e-08 1.360357428000288828e-03 2.358307445433169974e-03 5.411643218916711850e-03 1.548604988326683987e-02
2.765000000000000000e+04 1.624851010260347983e-03 4.687852602755782083e-03 8.513742370689077882e-03 2.558766411494144480e-02 4.030443994323508123e-10 1.014092345324420852e-06 5.923729234741533127e-09 3.825640133943944266e-07 1.424186213847135124e-03 2.450164373120078138e-03 5.525501644113106972e-03 1.537447258681696495e-02 1.624851010260347983e-03 4.687852602755782083e-03 8.513742370689077882e-03 2.558766411494144480e-02 4.030443994323508123e-10 1.014092345324420852e-06 5.923729234741533127e-09 3.825640133943944266e-07 1.424186213847135124e-03 2.450164373120078138e-03 5.525501644113106972e-03 1.537447258681696495e-02
2.800000000000000000e+04 1.681322102923522637e-03 4.637448862463911664e-03 8.898166587119784102e-03 2.526747124919255516e-02 5.011512689655678817e-11 1.037268620613774199e-10 3.936480291949193649e-12 6.858875527213686168e-12 1.334689421226476456e-03 2.383789931154802876e-03 5.362116322257221880e-03 1.551348944021255401e-02 1.681322102923522637e-03 4.637448862463911664e-03 8.898166587119784102e-03 2.526747124919255516e-02 5.011512689655678817e-11 1.037268620613774199e-10 3.936480291949193649e-12 6.858875527213686168e-12 1.334689421226476456e-03 2.383789931154802876e-03 5.362116322257221880e-03 1.551348944021255401e-02
2.835000000000000000e+04 1.662740658190377425e-03 4.579525781973998663e-03 8.901034896135216756e-03 2.548217919151719510e-02 1.073431542658755004e-05 2.290295895892017940e-08 1.117368122502931097e-05 2.282764679241508436e-06 1.554950861123302044e-03 2.430256660597816462e-03 5.378149675256962796e-03 1.531482896661296757e-02 1.662740658190377425e-03 4.579525781973998663e-03 8.901034896135216756e-03 2.548217919151719510e-02 1.073431542658755004e-05 2.290295895892017940e-08 1.117368122502931097e-05 2.282764679241508436e-06 1.554950861123302044e-03 2.430256660597816462e-03 5.378149675256962796e-03 1.531482896661296757e-02
2.870000000000000000e+04 1.639920505402575699e-03 4.520167057879649272e-03 9.030736287004162768e-03 2.540553205478882776e-02 6.603151549773280781e-07 7.096682539985012486e-08 1.798206440229138992e-06 4.510950405658556652e-07 1.389715833978555836e-03 2.535986941439612088e-03 5.190961745952047540e-03 1.546003800158229739e-02 1.639920505402575699e-03 4.520167057879649272e-03 9.030736287004162768e-03 2.540553205478882776e-02 6.603151549773280781e-07 7.096682539985012486e-08 1.798206440229138992e-06 4.510950405658556652e-07 1.389715833978555836e-03 2.535986941439612088e-03 5.190961745952047540e-03 1.546003800158229739e-02
2.905000000000000000e+04 1.666145154478485511e-03 4.326378131701156572e-03 9.294647479125095133e-03 2.543493811266890267e-02 1.184783302571980874e-05 1.114369381545878167e-05 7.888878565898624069e-06 1.436112646294750819e-07 1.432906289052233171e-03 2.647754382619773965e-03 5.186161766561237993e-03 1.548405610742559918e-02 1.666145154478485511e-03 4.326378131701156572e-03 9.294647479125095133e-03 2.543493811266890267e-02 1.184783302571980874e-05 1.114369381545878167e-05 7.888878565898624069e-06 1.436112646294750819e-07 1.432906289052233171e-03 2.647754382619773965e-03 5.186161766561237993e-03 1.548405610742559918e-02
2.940000000000000000e+04 1.697940066593183655e-03 4.721221403505984973e-03 8.798599188474268140e-03 2.524392408846455951e-02 2.419497072796332602e-10 3.303441091497488423e-08 6.941911302476282497e-07 3.464724962278137478e-09 1.332838652185276522e-03 2.344627730617410057e-03 5.401647553926123592e-03 1.556591521345231446e-02 1.697940066593183655e-03 4.721221403505984973e-03 8.798599188474268140e-03 2.524392408846455951e-02 2.419497072796332602e-10 3.303441091497488423e-08 6.941911302476282497e-07 3.464724962278137478e-09 1.332838652185276522e-03 2.344627730617410057e-03 5.401647553926123592e-03 1.556591521345231446e-02
2.975000000000000000e+04 1.651684335628298425e-03 4.562490580462937907e-03 8.826357471305903979e-03 2.527192588784410096e-02 6.814245390449634966e-10 1.143472899098264520e-07 9.840329241007352958e-09 1.724570022678680560e-07 1.397281092209752204e-03 2.483099700160530578e-03 5.502762613128838950e-03 1.545882149348786795e-02 1.651684335628298425e-03 4.562490580462937907e-03 8.826357471305903979e-03 2.527192588784410096e-02 6.814245390449634966e-10 1.143472899098264520e-07 9.840329241007352958e-09 1.724570022678680560e-07 1.397281092209752204e-03 2.483099700160530578e-03 5.502762613128838950e-03 1.545882149348786795e-02
3.010000000000000000e+04 1.648906637119349795e-03 4.535070652155315414e-03 9.171218448095947579e-03 2.524090395729274711e-02 1.822629612506067012e-06 1.519765276123746510e-06 4.857242652194886169e-06 3.922180331461566592e-07 1.399263006792023090e-03 2.424676965793781062e-03 5.218324423994946670e-03 1.549530194103620508e-02 1.648906637119349795e-03 4.535070652155315414e-03 9.171218448095947579e-03 2.524090395729274711e-02 1.822629612506067012e-06 1.519765276123746510e-06 4.857242652194886169e-06 3.922180331461566592e-07 1.399263006792023090e-03 2.424676965793781062e-03 5.218324423994946670e-03 1.549530194103620508e-02
3.045000000000000000e+04 1.687489251238234993e-03 4.672662860974141977e-03 8.969669073812311724e-03 2.519405672402414559e-02 2.206896347213593194e-08 5.658908666423719582e-07 1.232453402391792662e-07 2.736308894181592396e-08 1.333184012964123109e-03 2.382555842633722522e-03 5.318346063888010171e-03 1.552240770700288701e-02 1.687489251238234993e-03 4.672662860974141977e-03 8.969669073812311724e-03 2.519405672402414559e-02 2.206896347213593194e-08 5.658908666423719582e-07 1.232453402391792662e-07 2.736308894181592396e-08 1.333184012964123109e-03 2.382555842633722522e-03 5.318346063888010171e-03 1.552240770700288701e-02
3.080000000000000000e+04 1.675861266287764686e-03 4.625861037721137187e-03 8.880272236572976305e-03 2.530022021321568296e-02 4.215187713395418065e-07 5.529338029682680249e-09 2.338017726180524774e-07 4.120507861117327708e-08 1.338926938962808379e-03 2.388858501905327843e-03 5.359050919809697777e-03 1.550975701053296761e-02 1.675861266287764686e-03 4.625861037721137187e-03 8.880272236572976305e-03 2.530022021321568296e-02 4.215187713395418065e-07 5.529338029682680249e-09 2.338017726180524774e-07 4.120507861117327708e-08 1.338926938962808379e-03 2.388858501905327843e-03 5.359050919809697777e-03 1.550975701053296761e-02
3.115000000000000000e+04 1.744808484159164402e-03 5.127983877279704630e-03 8.843645087636379729e-03 2.468870802658947039e-02 1.038925990711302991e-05 2.304588481355080408e-06 9.659449602457230444e-06 3.854143274896302351e-07 1.333387985374170177e-03 2.306262874039748025e-03 5.443499347850208787e-03 1.604938902808847323e-02 1.744808484159164402e-03 5.127983877279704630e-03 8.843645087636379729e-03 2.468870802658947039e-02 1.038925990711302991e-05 2.304588481355080408e-06 9.659449602457230444e-06 3.854143274896302351e-07 1.333387985374170177e-03 2.306262874039748025e-03 5.443499347850208787e-03 1.604938902808847323e-02
3.150000000000000000e+04 1.649511897543851731e-03 4.411987921633919382e-03 9.306809098588077894e-03 2.517753373225072033e-02 6.364263170368811921e-06 1.384587940953562512e-06 1.881881943962119917e-06 3.808398222726564896e-06 1.400760263330853676e-03 2.511987764508588628e-03 5.322265064871286797e-03 1.540061367498817869e-02 1.649511897543851731e-03 4.411987921633919382e-03 9.306809098588077894e-03 2.517753373225072033e-02 6.364263170368811921e-06 1.384587940953562512e-06 1.881881943962119917e-06 3.808398222726564896e-06 1.400760263330853676e-03 2.511987764508588628e-03 5.322265064871286797e-03 1.540061367498817869e-02
3.185000000000000000e+04 1.686604375616348539e-03 4.521046775545531360e-03 9.235968979587467348e-03 2.510394790637714493e-02 3.601896103548541215e-06 3.254691055622862103e-08 1.044812654204454261e-07 5.341277793554976857e-07 1.342544891051345541e-03 2.436063989911754161e-03 5.295807893289958962e-03 1.550431475018639212e-02 1.686604375616348539e-03 4.521046775545531360e-03 9.235968979587467348e-03 2.510394790637714493e-02 3.601896103548541215e-06 3.254691055622862103e-08 1.044812654204454261e-07 5.341277793554976857e-07 1.342544891051345541e-03 2.436063989911754161e-03 5.295807893289958962e-03 1.550431475018639212e-02
3.220000000000000000e+04 1.724377210256361394e-03 4.778898542779481257e-03 8.764994037941164010e-03 2.521280705228559627e-02 5.749694787043446038e-06 5.005199839477864732e-08 1.647229712291599855e-07 1.407135960167938465e-07 1.308995464311956151e-03 2.347879696486881822e-03 5.395401540204065698e-03 1.561044007314834996e-02 1.724377210256361394e-03 4.778898542779481257e-03 8.764994037941164010e-03 2.521280705228559627e-02 5.749694787043446038e-06 5.005199839477864732e-08 1.647229712291599855e-07 1.407135960167938465e-07 1.308995464311956151e-03 2.347879696486881822e-03 5.395401540204065698e-03 1.561044007314834996e-02
3.255000000000000000e+04 1.710348623203521981e-03 4.692154316996336762e-03 8.899532658374733132e-03 2.518598193913234098e-02 2.779442137931271944e-06 1.100577171013415077e-06 7.129470397880925242e-07 1.100429910770168498e-08 1.305549325544418061e-03 2.374816329977806444e-03 5.331038370894098169e-03 1.559245055768994706e-02 1.710348623203521981e-03 4.692154316996336762e-03 8.899532658374733132e-03 2.518598193913234098e-02 2.779442137931271944e-06 1.100577171013415077e-06 7.129470397880925242e-07 1.100429910770168498e-08 1.305549325544418061e-03 2.374816329977806444e-03 5.331038370894098169e-03 1.559245055768994706e-02
3.290000000000000000e+04 1.670936456869985456e-03 4.599804341101270365e-03 8.913422658481428076e-03 2.527426307357949833e-02 1.698154391218350816e-08 1.022991903674293096e-07 1.688253419765324009e-11 1.286343687322853340e-09 1.352369153793439756e-03 2.405064044631055088e-03 5.354300649073809662e-03 1.551236466687323443e-02 1.670936456869985456e-03 4.599804341101270365e-03 8.913422658481428076e-03 2.527426307357949833e-02 1.698154391218350816e-08 1.022991903674293096e-07 1.688253419765324009e-11 1.286343687322853340e-09 1.352369153793439756e-03 2.405064044631055088e-03 5.354300649073809662e-03 1.551236466687323443e-02
3.325000000000000000e+04 1.623110119323047844e-03 4.672415281469181371e-03 8.529957774499448420e-03 2.566836536601193458e-02 4.718152095769635698e-06 3.939248035223569190e-09 6.319397675503529685e-07 1.946652797486433352e-06 1.406274284549753444e-03 2.469566382688051683e-03 5.434104229190456908e-03 1.539494659204139124e-02 1.623110119323047844e-03 4.672415281469181371e-03 8.529957774499448420e-03 2.566836536601193458e-02 4.718152095769635698e-06 3.939248035223569190e-09 6.319397675503529685e-07 1.946652797486433352e-06 1.406274284549753444e-03 2.469566382688051683e-03 5.434104229190456908e-03 1.539494659204139124e-02
3.360000000000000000e+04 1.795725246172828185e-03 4.915842648101754683e-03 9.067404187512843189e-03 2.533374291628214675e-02 2.734947000493204722e-11 2.490677029691567814e-06 2.828635911837744642e-06 7.977998203759442372e-07 1.326330259111996313e-03 2.216749098901154690e-03 5.321594134344326266e-03 1.533016558097700412e-02 1.795725246172828185e-03 4.915842648101754683e-03 9.067404187512843189e-03 2.533374291628214675e-02 2.734947000493204722e-11 2.490677029691567814e-06 2.828635911837744642e-06 7.977998203759442372e-07 1.326330259111996313e-03 2.216749098901154690e-03 5.321594134344326266e-03 1.533016558097700412e-02
3.395000000000000000e+04 1.679887610661386609e-03 4.631744705659612479e-03 8.897028040333871193e-03 2.527481880283448737e-02 6.609894420180672833e-12 3.731042249643961562e-14 2.871952852799063805e-12 1.983275248821242274e-12 1.333954181937518912e-03 2.382735336793259055e-03 5.360798879946884407e-03 1.551569503369436796e-02 1.679887610661386609e-03 4.631744705659612479e-03 8.897028040333871193e-03 2.527481880283448737e-02 6.609894420180672833e-12 3.731042249643961562e-14 2.871952852799063805e-12 1.983275248821242274e-12 1.333954181937518912e-03 2.382735336793259055e-03 5.360798879946884407e-03 1.551569503369436796e-02
3.430000000000000000e+04 1.680820279338829165e-03 4.628456486054044645e-03 8.897673260484004198e-03 2.527598811587514205e-02 2.605104920293965419e-12 1.516128425132783716e-11 8.580779934311864247e-12 1.019542164693778821e-11 1.333249770610866244e-03 2.382074459528212441e-03 5.362042647541086747e-03 1.551587968421155352e-02 1.680820279338829165e-03 4.628456486054044645e-03 8.897673260484004198e-03 2.527598811587514205e-02 2.605104920293965419e-12 1.516128425132783716e-11 8.580779934311864247e-12 1.019542164693778821e-11 1.333249770610866244e-03 2.382074459528212441e-03 5.362042647541086747e-03 1.551587968421155352e-02
3.465000000000000000e+04 1.664227648927143468e-03 4.622970726573330698e-03 8.819456940162480676e-03 2.541797951629222799e-02 1.161394182213272601e-05 2.247708942873561796e-08 7.893445362964161201e-06 2.234086793789495458e-06 1.367536721203715597e-03 2.441168474310358855e-03 5.322823329975807927e-03 1.546833137103153545e-02 1.664227648927143468e-03 4.622970726573330698e-03 8.819456940162480676e-03 2.541797951629222799e-02 1.161394182213272601e-05 2.247708942873561796e-08 7.893445362964161201e-06 2.234086793789495458e-06 1.367536721203715597e-03 2.441168474310358855e-03 5.322823329975807927e-03 1.546833137103153545e-02
3.500000000000000000e+04 1.666653114541540243e-03 4.637048418458042907e-03 8.935731648889815720e-03 2.521888315266435782e-02 1.203226162447959313e-07 1.457976198612268246e-07 1.015818608281685498e-06 4.907336116455660960e-10 1.347471258456872699e-03 2.398005046156501726e-03 5.356472785145204203e-03 1.552561770594562511e-02 1.666653114541540243e-03 4.637048418458042907e-03 8.935731648889815720e-03 2.521888315266435782e-02 1.203226162447959313e-07 1.457976198612268246e-07 1.015818608281685498e-06 4.907336116455660960e-10 1.347471258456872699e-03 2.398005046156501726e-03 5.356472785145204203e-03 1.552561770594562511e-02
