0 [0.00e+00, 0.00e+00, 0.00e+00, 0.00e+00, 0.00e+00, 0.00e+00]
350 [8.39e-02, -6.11e-02, 9.64e-02, -3.71e-02, 1.00e-01, 3.55e-02]
700 [8.77e-02, -5.16e-02, 1.45e-01, 2.57e-02, 1.36e-01, 7.40e-02]
1050 [9.53e-02, -3.50e-02, 1.65e-01, 5.01e-02, 1.45e-01, 8.37e-02]
1400 [1.00e-01, -2.63e-02, 1.69e-01, 5.48e-02, 1.47e-01, 8.49e-02]
1750 [1.04e-01, -1.78e-02, 1.71e-01, 5.61e-02, 1.48e-01, 8.55e-02]
2100 [1.07e-01, -1.21e-02, 1.71e-01, 5.56e-02, 1.48e-01, 8.56e-02]
2450 [1.08e-01, -1.09e-02, 1.71e-01, 5.48e-02, 1.48e-01, 8.49e-02]
2800 [1.06e-01, -1.27e-02, 1.70e-01, 5.29e-02, 1.47e-01, 8.41e-02]
3150 [1.08e-01, -1.17e-02, 1.71e-01, 5.52e-02, 1.48e-01, 8.58e-02]
3500 [1.07e-01, -1.28e-02, 1.70e-01, 5.40e-02, 1.48e-01, 8.53e-02]
3850 [1.07e-01, -1.30e-02, 1.70e-01, 5.35e-02, 1.48e-01, 8.50e-02]
4200 [1.07e-01, -1.30e-02, 1.71e-01, 5.41e-02, 1.48e-01, 8.52e-02]
4550 [1.06e-01, -1.41e-02, 1.69e-01, 5.29e-02, 1.47e-01, 8.47e-02]
4900 [1.06e-01, -1.44e-02, 1.69e-01, 5.22e-02, 1.47e-01, 8.44e-02]
5250 [1.07e-01, -1.36e-02, 1.71e-01, 5.41e-02, 1.48e-01, 8.49e-02]
5600 [1.07e-01, -1.44e-02, 1.70e-01, 5.27e-02, 1.46e-01, 8.32e-02]
5950 [1.07e-01, -1.48e-02, 1.70e-01, 5.28e-02, 1.47e-01, 8.42e-02]
6300 [1.06e-01, -1.54e-02, 1.70e-01, 5.22e-02, 1.47e-01, 8.41e-02]
6650 [1.07e-01, -1.46e-02, 1.69e-01, 5.08e-02, 1.46e-01, 8.28e-02]
7000 [1.06e-01, -1.65e-02, 1.69e-01, 5.15e-02, 1.47e-01, 8.34e-02]
7350 [1.06e-01, -1.73e-02, 1.69e-01, 5.08e-02, 1.47e-01, 8.36e-02]
7700 [1.05e-01, -1.76e-02, 1.69e-01, 5.05e-02, 1.47e-01, 8.31e-02]
8050 [1.05e-01, -1.88e-02, 1.69e-01, 5.05e-02, 1.47e-01, 8.34e-02]
8400 [1.05e-01, -1.96e-02, 1.69e-01, 4.99e-02, 1.47e-01, 8.33e-02]
8750 [1.05e-01, -2.00e-02, 1.68e-01, 4.96e-02, 1.46e-01, 8.25e-02]
9100 [1.05e-01, -2.03e-02, 1.69e-01, 4.98e-02, 1.47e-01, 8.33e-02]
9450 [1.04e-01, -2.09e-02, 1.68e-01, 4.96e-02, 1.47e-01, 8.32e-02]
9800 [1.04e-01, -2.13e-02, 1.68e-01, 4.91e-02, 1.46e-01, 8.26e-02]
10150 [1.04e-01, -2.17e-02, 1.68e-01, 4.89e-02, 1.46e-01, 8.25e-02]
10500 [1.04e-01, -2.18e-02, 1.68e-01, 4.92e-02, 1.47e-01, 8.28e-02]
10850 [1.04e-01, -2.19e-02, 1.68e-01, 4.92e-02, 1.47e-01, 8.30e-02]
11200 [1.04e-01, -2.28e-02, 1.68e-01, 4.90e-02, 1.47e-01, 8.31e-02]
11550 [1.04e-01, -2.24e-02, 1.68e-01, 4.91e-02, 1.47e-01, 8.28e-02]
11900 [1.04e-01, -2.24e-02, 1.68e-01, 4.89e-02, 1.46e-01, 8.27e-02]
12250 [1.04e-01, -2.26e-02, 1.68e-01, 4.89e-02, 1.47e-01, 8.30e-02]
12600 [1.04e-01, -2.29e-02, 1.68e-01, 4.88e-02, 1.47e-01, 8.29e-02]
12950 [1.04e-01, -2.27e-02, 1.68e-01, 4.89e-02, 1.47e-01, 8.30e-02]
13300 [1.04e-01, -2.24e-02, 1.68e-01, 4.85e-02, 1.46e-01, 8.26e-02]
13650 [1.04e-01, -2.28e-02, 1.68e-01, 4.87e-02, 1.47e-01, 8.29e-02]
14000 [1.04e-01, -2.30e-02, 1.68e-01, 4.89e-02, 1.47e-01, 8.29e-02]
14350 [1.04e-01, -2.30e-02, 1.68e-01, 4.85e-02, 1.46e-01, 8.27e-02]
14700 [1.04e-01, -2.26e-02, 1.68e-01, 4.86e-02, 1.47e-01, 8.26e-02]
15050 [1.04e-01, -2.28e-02, 1.68e-01, 4.87e-02, 1.46e-01, 8.27e-02]
15400 [1.04e-01, -2.28e-02, 1.68e-01, 4.87e-02, 1.46e-01, 8.24e-02]
15750 [1.04e-01, -2.29e-02, 1.67e-01, 4.72e-02, 1.40e-01, 7.56e-02]
16100 [1.06e-01, -1.96e-02, 1.75e-01, 5.53e-02, 1.48e-01, 8.31e-02]
16450 [1.07e-01, -1.90e-02, 1.76e-01, 5.71e-02, 1.49e-01, 8.49e-02]
16800 [1.07e-01, -1.90e-02, 1.76e-01, 5.72e-02, 1.49e-01, 8.50e-02]
17150 [1.06e-01, -1.91e-02, 1.76e-01, 5.72e-02, 1.50e-01, 8.51e-02]
17500 [1.06e-01, -1.92e-02, 1.76e-01, 5.71e-02, 1.50e-01, 8.51e-02]
17850 [1.06e-01, -1.91e-02, 1.76e-01, 5.71e-02, 1.49e-01, 8.50e-02]
18200 [1.06e-01, -1.92e-02, 1.76e-01, 5.72e-02, 1.50e-01, 8.52e-02]
18550 [1.06e-01, -1.91e-02, 1.76e-01, 5.71e-02, 1.49e-01, 8.50e-02]
18900 [1.06e-01, -1.92e-02, 1.76e-01, 5.72e-02, 1.50e-01, 8.51e-02]
19250 [1.06e-01, -1.92e-02, 1.76e-01, 5.69e-02, 1.49e-01, 8.49e-02]
19600 [1.06e-01, -1.92e-02, 1.76e-01, 5.72e-02, 1.50e-01, 8.50e-02]
19950 [1.06e-01, -1.92e-02, 1.76e-01, 5.70e-02, 1.49e-01, 8.50e-02]
20300 [1.06e-01, -1.92e-02, 1.76e-01, 5.70e-02, 1.49e-01, 8.48e-02]
20650 [1.06e-01, -1.91e-02, 1.76e-01, 5.70e-02, 1.49e-01, 8.50e-02]
21000 [1.06e-01, -1.93e-02, 1.76e-01, 5.71e-02, 1.50e-01, 8.51e-02]
21350 [1.06e-01, -1.93e-02, 1.76e-01, 5.71e-02, 1.49e-01, 8.51e-02]
21700 [1.06e-01, -1.91e-02, 1.76e-01, 5.69e-02, 1.49e-01, 8.51e-02]
22050 [1.06e-01, -1.92e-02, 1.76e-01, 5.72e-02, 1.50e-01, 8.51e-02]
22400 [1.06e-01, -1.94e-02, 1.76e-01, 5.71e-02, 1.50e-01, 8.51e-02]
22750 [1.06e-01, -1.93e-02, 1.76e-01, 5.70e-02, 1.49e-01, 8.50e-02]
23100 [1.06e-01, -1.91e-02, 1.76e-01, 5.72e-02, 1.49e-01, 8.49e-02]
23450 [1.06e-01, -1.92e-02, 1.76e-01, 5.72e-02, 1.49e-01, 8.50e-02]
23800 [1.06e-01, -1.93e-02, 1.76e-01, 5.72e-02, 1.50e-01, 8.51e-02]
24150 [1.06e-01, -1.92e-02, 1.76e-01, 5.71e-02, 1.49e-01, 8.51e-02]
24500 [1.06e-01, -1.92e-02, 1.76e-01, 5.71e-02, 1.49e-01, 8.50e-02]
24850 [1.06e-01, -1.91e-02, 1.76e-01, 5.72e-02, 1.49e-01, 8.50e-02]
25200 [1.06e-01, -1.94e-02, 1.76e-01, 5.71e-02, 1.49e-01, 8.50e-02]
25550 [1.06e-01, -1.93e-02, 1.76e-01, 5.68e-02, 1.49e-01, 8.47e-02]
25900 [1.07e-01, -1.91e-02, 1.76e-01, 5.71e-02, 1.49e-01, 8.48e-02]
26250 [1.06e-01, -1.93e-02, 1.76e-01, 5.70e-02, 1.49e-01, 8.50e-02]
26600 [1.06e-01, -1.94e-02, 1.76e-01, 5.69e-02, 1.49e-01, 8.50e-02]
26950 [1.06e-01, -1.92e-02, 1.76e-01, 5.70e-02, 1.49e-01, 8.50e-02]
27300 [1.06e-01, -1.94e-02, 1.76e-01, 5.71e-02, 1.50e-01, 8.51e-02]
27650 [1.07e-01, -1.92e-02, 1.76e-01, 5.72e-02, 1.50e-01, 8.50e-02]
28000 [1.06e-01, -1.94e-02, 1.76e-01, 5.68e-02, 1.49e-01, 8.50e-02]
28350 [1.06e-01, -1.91e-02, 1.76e-01, 5.72e-02, 1.50e-01, 8.51e-02]
28700 [1.06e-01, -1.92e-02, 1.76e-01, 5.71e-02, 1.49e-01, 8.51e-02]
29050 [1.06e-01, -1.91e-02, 1.76e-01, 5.70e-02, 1.49e-01, 8.51e-02]
29400 [1.06e-01, -1.93e-02, 1.76e-01, 5.70e-02, 1.49e-01, 8.50e-02]
29750 [1.06e-01, -1.93e-02, 1.76e-01, 5.71e-02, 1.50e-01, 8.50e-02]
30100 [1.06e-01, -1.92e-02, 1.76e-01, 5.68e-02, 1.49e-01, 8.48e-02]
30450 [1.06e-01, -1.98e-02, 1.75e-01, 5.55e-02, 1.49e-01, 8.43e-02]
30800 [1.06e-01, -1.92e-02, 1.76e-01, 5.72e-02, 1.50e-01, 8.51e-02]
31150 [1.06e-01, -1.92e-02, 1.76e-01, 5.72e-02, 1.49e-01, 8.50e-02]
31500 [1.06e-01, -1.91e-02, 1.76e-01, 5.70e-02, 1.49e-01, 8.50e-02]
31850 [1.06e-01, -1.93e-02, 1.76e-01, 5.71e-02, 1.50e-01, 8.51e-02]
32200 [1.06e-01, -1.92e-02, 1.76e-01, 5.71e-02, 1.49e-01, 8.50e-02]
32550 [1.06e-01, -1.94e-02, 1.76e-01, 5.68e-02, 1.49e-01, 8.48e-02]
32900 [1.06e-01, -1.93e-02, 1.76e-01, 5.70e-02, 1.49e-01, 8.50e-02]
33250 [1.06e-01, -1.93e-02, 1.76e-01, 5.69e-02, 1.49e-01, 8.47e-02]
33600 [1.08e-01, -1.78e-02, 1.74e-01, 5.32e-02, 1.46e-01, 8.08e-02]
33950 [1.06e-01, -1.93e-02, 1.76e-01, 5.70e-02, 1.50e-01, 8.51e-02]
34300 [1.06e-01, -1.93e-02, 1.76e-01, 5.71e-02, 1.50e-01, 8.51e-02]
34650 [1.06e-01, -1.95e-02, 1.76e-01, 5.70e-02, 1.49e-01, 8.50e-02]
35000 [1.06e-01, -1.93e-02, 1.76e-01, 5.71e-02, 1.49e-01, 8.49e-02]
